0 0.611716053125 0.6303009609375 0.6175120234375 0.631330584375 0.6231524562499999 0.6297076609375 0.6254612703125 0.6239977234375 0.6255882203125 0.620362371875 0.6240378203125 0.6150140000000001 0.6200346078125001 0.612392534375 0.6135439593750001 0.613489434375 0.6074479265625 0.6210524562499999 0.6075111390625 0.62634889375 0.6088224609374999 0.6278836890624999 0.611716053125 0.6303009609375
0 0.6046026046875 0.5604003343749999 0.6059023859375 0.562265615625 0.610482115625 0.5625909890624999 0.6138456 0.562212109375 0.6155317375 0.5601202109375001 0.6158087171875 0.5521885375 0.6140709109375 0.5486535140625 0.6118747499999999 0.5475841531250001 0.607459346875 0.5461064062500001 0.603966159375 0.5466462015625 0.6030582390625 0.5477726078125 0.603109909375 0.5533995328125 0.6046026046875 0.5604003343749999
0 0.574196021875 0.5570222890625 0.571017190625 0.5521133859375 0.566791946875 0.5522967249999999 0.56404510625 0.5563369218750001 0.5643561828125 0.5616420140625 0.5668606656249999 0.5645420328124999 0.5709215828125 0.565511065625 0.574259234375 0.5623187265625 0.574196021875 0.5570222890625
0 0.6264739890625 0.516824921875 0.6271428328125 0.5118849375 0.6234682703125001 0.5069587234374999 0.619502434375 0.5068202328125 0.615988915625 0.511495434375 0.6155679390625 0.5164440734375 0.6196777734375 0.5195655968749999 0.6232891234375 0.519195375 0.6264739890625 0.516824921875
0 0.5805744203125001 0.47386089687500005 0.5788135328124999 0.470986846875 0.5731588046875 0.46946582187499997 0.5697029921875 0.4724885921875 0.5700860671875 0.4792852015625 0.5734869296875 0.4813892984375 0.57758246875 0.48136687343749995 0.580649171875 0.47882685 0.5805744203125001 0.47386089687500005
0 0.5560121984374999 0.4878931890625 0.5543090125 0.48336670625 0.5496342046875 0.48221079062500005 0.5476886624999999 0.48462452031250003 0.5472907671875 0.4889121890625 0.5485213046874999 0.4927603875 0.5511065734375 0.4933470015625 0.553467059375 0.4932639859375 0.5560121984374999 0.4878931890625
0 0.41035031093749996 0.587036725 0.4127223375 0.5866232234375001 0.41414906875 0.5848531546875 0.41452388124999995 0.5812264609375 0.40901643125 0.571934678125 0.40682027187500003 0.5708653171875 0.4035634078125 0.571744253125 0.4027187 0.5781670984375 0.40331226249999996 0.5824893890625 0.40628939375 0.586067690625 0.41035031093749996 0.587036725
0 0.396691790625 0.5091316390625 0.3954497125 0.5056139265625 0.391553121875 0.50349251875 0.38853258125 0.5047105968750001 0.386506253125 0.5094377328124999 0.38754938125 0.515099278125 0.391636134375 0.5188817734375 0.3956712171875 0.5170373453125 0.396691790625 0.5091316390625
0 0.47070212656250005 0.443552921875 0.4711461859375 0.4379433078125 0.4691258921875 0.43539108750000005 0.4651369734375 0.4359135703125 0.46343929531250005 0.43833595625 0.46301831875 0.443284596875 0.465145234375 0.44633687499999997 0.46875658593749997 0.4459666515625 0.47070212656250005 0.443552921875
0 0.45810220468749996 0.4206124421875 0.456813965625 0.41841667656250003 0.45386266875 0.417651834375 0.4519286671875 0.4197350796875 0.45134061093750005 0.42236165937500003 0.4526057703125 0.4252184 0.4541880390625 0.426100878125 0.45771585000000004 0.424569625 0.45810220468749996 0.4206124421875
0 0.468570471875 0.5685546765625 0.467328396875 0.5650369625 0.46463650625 0.5639502921874999 0.46271404531250004 0.56570305 0.46185504218749995 0.5689819468749999 0.46405395625 0.573525740625 0.46567084843749995 0.5734167593749999 0.46769992968749996 0.572164059375 0.468570471875 0.5685546765625
0 0.56089223125 0.62885704375 0.5563960421874999 0.6296927015625 0.5546060374999999 0.634758978125 0.5554820890625 0.6380984656249999 0.5601568968749999 0.63925438125 0.5635291703124999 0.63507058125 0.5631950109375 0.6304264609375 0.56089223125 0.62885704375
0 0.699364459375 0.572147171875 0.7006702765624999 0.566733096875 0.6964653609375 0.56278103125 0.6917559296875 0.5626165734375 0.68717895625 0.5657656359375001 0.6868530578125001 0.5715448203125 0.692427 0.57537925 0.69529475625 0.5749830593749999 0.699364459375 0.572147171875
0 0.644527990625 0.511499371875 0.6430726703125 0.50698154375 0.6391645375 0.505190621875 0.6362390765625 0.5072392453125001 0.6347689375 0.51380569375 0.6362473390625001 0.5176625484375 0.639316796875 0.5185969609375001 0.6431386359375 0.5157524171875 0.644527990625 0.511499371875
0 0.63622121875 0.6783084390624999 0.6332556281249999 0.6743996515624999 0.6295607390625 0.6736088437500001 0.6260356812500001 0.67861453125 0.6258394875 0.6842328 0.6290529421875 0.68815024375 0.6331369390625 0.68845830625 0.635730996875 0.685239996875 0.63622121875 0.6783084390624999
0 0.542665928125 0.461452309375 0.54113533125 0.46619675625 0.5415618156249999 0.46819698593750003 0.542861596875 0.4700622671875 0.546449865625 0.4703530171875 0.54903238125 0.4674651953125 0.548214034375 0.46247327812499994 0.542665928125 0.461452309375
0 0.5151247546875 0.36535984843749997 0.5108852171875 0.362399240625 0.5068732171875 0.363582696875 0.5058960531250001 0.366692021875 0.50678364375 0.3697010234375 0.509028721875 0.372922871875 0.5108703953125 0.37348351874999997 0.5144212890625 0.3712912921875 0.5151247546875 0.36535984843749997
0 0.661459775 0.5347565671875001 0.6572576140625 0.534278934375 0.653744096875 0.5389541359375001 0.6525795265625 0.543876809375 0.65796330625 0.5460501515625 0.6632261703125 0.5445794875 0.66367023125 0.538969875 0.661459775 0.5347565671875001
0 0.3415013609375 0.43374689999999994 0.34233728281250003 0.43112897656250004 0.34204928749999997 0.4251629109375 0.340086696875 0.42095825781249996 0.3361324015625 0.42048928124999996 0.3346710484375 0.4232508109375 0.3353855265625 0.43121710625 0.3366622265625 0.433743359375 0.339731684375 0.43467777031250004 0.3415013609375 0.43374689999999994
0 0.3562782890625 0.5080512578125 0.356261240625 0.501432875 0.3547366765625 0.49889796718749996 0.35151443437499996 0.49878544375 0.348779134375 0.5024951515625 0.34768931406250003 0.5123837765625 0.34940128593750003 0.5131053390625 0.35403871875 0.5117782796875 0.3562782890625 0.5080512578125
0 0.3624161515625 0.5383765328125001 0.359767671875 0.53249348125 0.3562744828125 0.533033275 0.353481478125 0.5383954171875 0.3538733390625 0.54138710625 0.3553863640625 0.5442525015624999 0.3597066859375 0.5448997046875 0.36149944375 0.5433078625000001 0.3624161515625 0.5383765328125001
0 0.3859699875 0.5923068 0.3851483609375 0.598068671875 0.38581116875 0.60040804375 0.38855197656249996 0.6036472046875 0.39289538125 0.603633434375 0.394094575 0.5977193015625 0.38922685156250003 0.5914278640624999 0.3859699875 0.5923068
0 0.36754392812500003 0.604733478125 0.3655467140625 0.6015202859375 0.36256079531249996 0.601746903125 0.3611340640625 0.603516971875 0.3609147890625 0.6097962140625001 0.361932084375 0.6126442984375 0.3647421359375 0.613900540625 0.367676384375 0.6080469984375 0.36754392812500003 0.604733478125
0 0.39280815625 0.7020699859375 0.397105396875 0.7033781593749999 0.3995005046875 0.7023036874999999 0.4009503171875 0.6998726453125 0.4015383734375 0.6972460640625 0.4004952453125 0.69158451875 0.3972933296875 0.6873365875 0.39335057500000004 0.686537125 0.3908373046875 0.6874420265625 0.388597734375 0.6911690484374999 0.3896177828125 0.6974915687500001 0.39280815625 0.7020699859375
0 0.4148598625 0.69241703125 0.4130989734375 0.6895429796875 0.4091331359375 0.6894044890625 0.4074123765625 0.6924878484375 0.407429425 0.69910623125 0.40872920625000003 0.7009715140624999 0.4130726109375 0.7009577421875 0.41540726093749997 0.6980612671875 0.4148598625 0.69241703125
0 0.43491200625 0.587232659375 0.43575946875 0.5842842484374999 0.43490649843750007 0.580283790625 0.43264988125 0.5773924265625 0.42890882656249996 0.577923565625 0.42611582343750004 0.58328570625 0.426744009375 0.5866165375 0.42829165468749997 0.5884904734374999 0.4331307890625 0.588494015625 0.43491200625 0.587232659375
0 0.41996589218749997 0.5675191453124999 0.42002910312499997 0.57281558125 0.42122226406249996 0.57418080625 0.42549367031249996 0.5726755203125 0.4259261890625 0.56739639375 0.42509905625 0.5662093968749999 0.41996589218749997 0.5675191453124999
0 0.413749471875 0.5572099359375 0.412299659375 0.559640978125 0.41216116875 0.563606815625 0.4132246265625 0.5651329546875 0.41484151875 0.565023971875 0.41738941250000006 0.5631276093750001 0.41746744218750004 0.5573397703125 0.413749471875 0.5572099359375
0 0.45075595625 0.48885001250000004 0.45106703281250005 0.4941551046875 0.4552576515625 0.49496322499999995 0.45690641249999997 0.4903883484375 0.45605344375 0.4863878890625 0.4517215796875 0.48607117187500004 0.45075595625 0.48885001250000004
0 0.4754737171875 0.47747026718749996 0.4739376109375 0.4752658453125 0.470974775 0.474831490625 0.46802623125 0.477541084375 0.4676283359375 0.481828753125 0.46845546875000005 0.48301575 0.471548009375 0.48328918749999994 0.47536985 0.48044464531250003 0.4754737171875 0.47747026718749996
0 0.49882743124999995 0.48738525624999995 0.4958415125 0.487611875 0.4946511046875 0.48972108593749997 0.4947835625 0.49303460625 0.49843228906250003 0.4951473578125 0.500225046875 0.49355551562500005 0.5001272125 0.4892505359375 0.49882743124999995 0.48738525624999995
0 0.489649346875 0.52280080625 0.485660428125 0.5233232875 0.48414137031250004 0.5277372484375 0.4848272609375 0.529415646875 0.48926574531250006 0.530232421875 0.49232090937499995 0.528022884375 0.491952128125 0.5243702234375001 0.489649346875 0.52280080625
0 0.4894900015625 0.545130275 0.48866286875 0.543943278125 0.4849333546875 0.54414393125 0.48293010937499997 0.5482100921875 0.48335659375000006 0.5502103218750001 0.484656375 0.552075603125 0.48850404999999997 0.5520445234375 0.4903545125 0.5488002468750001 0.4894900015625 0.545130275
0 0.46276676875 0.542873521875 0.46245569218749993 0.5375684281249999 0.46141531562500004 0.535381315625 0.45744947968750005 0.535242825 0.45550393749999996 0.53765655625 0.45458723125 0.5425878859375 0.45772868750000006 0.5450138140624999 0.46132849687500005 0.544974078125 0.46276676875 0.542873521875
0 0.5138207593749999 0.47732037343749995 0.5121577046875 0.4787513 0.5115234859375 0.4826998265625 0.51304805 0.4852347359375 0.5158927249999999 0.4854995171875 0.5184175359375 0.4842641296875 0.5186137296875 0.4786458609375 0.5138207593749999 0.47732037343749995
0 0.49218833125000006 0.4500938 0.48869514374999995 0.4506335953125 0.4877064375 0.45407340781250005 0.4883346234375 0.45740423750000003 0.49200643125 0.45885601718749996 0.4943757046875 0.45496808125 0.493735978125 0.45196773593749995 0.49218833125000006 0.4500938
0 0.53293991875 0.50545185 0.53097129375 0.5085265531250001 0.5312823703125 0.5138316453125 0.532818475 0.5160360703125 0.5369140156250001 0.51601364375 0.5391623734375 0.508481703125 0.5371651609375 0.505268509375 0.53293991875 0.50545185
0 0.39679999062500004 0.46694701875 0.3976326328125 0.4750828859375 0.40154076562499996 0.4768738078125 0.40339122656250004 0.47362953281250003 0.402809203125 0.46897675781250003 0.4012730984375 0.466772334375 0.39679999062500004 0.46694701875
0 0.3872679484375 0.48762563124999997 0.3883341578125 0.4926262046875 0.39229999531250004 0.49276469531249995 0.39394875625000003 0.48818981875 0.3930727046875 0.4848503328125 0.38877546406249996 0.48354215624999997 0.3872679484375 0.48762563124999997
0 0.3813224734375 0.4766641046875 0.381008115625 0.48211280156249997 0.3851987359375 0.4829209203125 0.3859654125 0.4822859140625 0.3858906609375 0.47731996250000003 0.3850635265625 0.476132965625 0.3813224734375 0.4766641046875
0 0.3907189015625 0.5380413296875 0.3894883640625 0.5341931296875 0.386548609375 0.533097803125 0.3838825546875 0.53482459375 0.3836979015625 0.540112375 0.38524554843750003 0.5419863125 0.38784235625 0.542242440625 0.39089752031249997 0.540032903125 0.3907189015625 0.5380413296875
0 0.40535774375000005 0.5274677343749999 0.403161584375 0.5263983734375 0.40067414843750004 0.5301167375 0.40025317187500004 0.5350653796875 0.4032044671875 0.5358302187499999 0.40527971249999994 0.5332555734375 0.40615025625 0.5296461906250001 0.40535774375000005 0.5274677343749999
0 0.42025429374999995 0.484641421875 0.4175074515625 0.48868161718750003 0.420366421875 0.4920903484375 0.42200639375 0.49132039375 0.423219884375 0.48855020937500004 0.42195472343749996 0.4856934703125 0.42025429374999995 0.484641421875
0 0.4272253234375 0.5088743359375 0.42883946093749997 0.5052909203125 0.42778754374999994 0.5034342953125 0.42339797656249994 0.5047700109375 0.42440372968749995 0.50794858125 0.4272253234375 0.5088743359375
0 0.43040585625 0.5457141265625001 0.4322101546875 0.5437917984375 0.4326685078125 0.5413261328125001 0.4290686984375 0.5413658703124999 0.429437478125 0.54501853125 0.43040585625 0.5457141265625001
0 0.4340292734375 0.530785190625 0.4329597828125 0.5365384093750001 0.43464867187499995 0.53792094375 0.43654805156250004 0.5368291578125 0.43672391718750003 0.535346296875 0.43611881406249997 0.53135449375 0.4340292734375 0.530785190625
0 0.456277821875 0.5759013078125 0.4535397671875 0.5761365828125 0.45262030624999994 0.5775934765625 0.45296600624999994 0.581907109375 0.456142084375 0.583341578125 0.4579348421875 0.5817497359375 0.4585228984375 0.5791231578125 0.456277821875 0.5759013078125
0 0.447192590625 0.594444740625 0.44595602031250003 0.597875896875 0.4463478828125 0.6008675859375 0.44814339375 0.602750178125 0.451483796875 0.603032271875 0.4530633125 0.6004403140625 0.45244666875000006 0.596778996875 0.447192590625 0.594444740625
0 0.435672121875 0.6081052359375 0.43535501249999997 0.6100794984375 0.43949946874999996 0.6122095625 0.4406063359375 0.6089393203125 0.43974182656250005 0.6052693484375 0.43888006874999996 0.6050738109375 0.435672121875 0.6081052359375
0 0.42808614843750004 0.6121418890625 0.4272590140625 0.61095489375 0.42330471718749996 0.610485915625 0.42180874218750003 0.6142389046875001 0.42247155000000003 0.616578275 0.423298684375 0.617765271875 0.4273826828125 0.6180733328125 0.428454928125 0.6157945515625001 0.42808614843750004 0.6121418890625
0 0.49427863906249997 0.5856660046875 0.4940939859375 0.5909537859375 0.498296146875 0.5914314203125 0.49931068749999996 0.59080506875 0.49928209843750004 0.584517171875 0.495186559375 0.584539596875 0.49427863906249997 0.5856660046875
0 0.5140644125 0.5911548359375 0.511882546875 0.5932294234375 0.5110120031250001 0.5968388078125 0.5125481078125 0.59904323125 0.5146376484374999 0.5996125328125 0.5169838390625 0.5963855687499999 0.51564668125 0.5920373140625 0.5140644125 0.5911548359375
0 0.5214168171875 0.5902534734375 0.5208287609375 0.5928800546875 0.522459946875 0.595915021875 0.5262933265624999 0.5927399921875 0.5259850046875 0.590909334375 0.52306833125 0.589153034375 0.5214168171875 0.5902534734375
0 0.4764071875 0.6426166765625 0.4764703984375 0.6479131125 0.4779345046875 0.6486260203125 0.4816871 0.6477643953125 0.48099845625000004 0.6426115625000001 0.477562971875 0.6414989234374999 0.4764071875 0.6426166765625
0 0.49137743437500003 0.633212765625 0.49349005625000003 0.6331210953124999 0.493524678125 0.6321296375000001 0.48853276093750003 0.6329479828125 0.4866102984375 0.634700740625 0.48647180937499995 0.6386665781249999 0.4896363484375 0.6404315328125 0.4912158625 0.637839575 0.49137743437500003 0.633212765625
0 0.439814471875 0.667148203125 0.43805358281249995 0.66427415 0.43531552968750004 0.6645094265625 0.43262639375 0.6668971890625001 0.432418659375 0.6728459453125 0.43445049375 0.675067678125 0.43777935625 0.675680259375 0.4403618734375 0.6727924390625 0.439814471875 0.667148203125
0 0.4506385625 0.6236833421875 0.4489639671875 0.6254447562500001 0.4489062625 0.6270971875 0.450194503125 0.62929295625 0.45156353125 0.62917531875 0.452837478125 0.6282271374999999 0.4534255328125 0.6256005578125 0.4506385625 0.6236833421875
0 0.516288109375 0.62696854375 0.51326756875 0.6281866218750001 0.5119848359375 0.6329397250000001 0.5128839671875001 0.6356182375 0.5170745875 0.63642635625 0.5198934265624999 0.6338776765625 0.520089621875 0.628259409375 0.516288109375 0.62696854375
0 0.519193890625 0.68944266875 0.5195571625000001 0.6861464609375 0.5185052453125001 0.6842898328125 0.5150697609375 0.683177196875 0.512132759375 0.685556303125 0.5133055921875 0.6910569359375 0.517141725 0.691356340625 0.518510753125 0.6912387046874999 0.519193890625 0.68944266875
0 0.5059547671875 0.64927361875 0.505127634375 0.6480866234375 0.5008908515625 0.64860045 0.4996311984375 0.6526925796875 0.5000461421875 0.6550232953124999 0.5016053296874999 0.6565667453125 0.5046978703125 0.656840184375 0.5062773843749999 0.6542482265625 0.5059547671875 0.64927361875
0 0.4792327078125 0.693175978125 0.47681451875 0.694911425 0.47692389375 0.6988859171875 0.4774916203125 0.7003947453125 0.479840565625 0.7006422171875 0.4811145109375 0.6996940359375 0.48177181406249997 0.6950845375 0.4792327078125 0.693175978125
0 0.49068563281250005 0.7134292875 0.48720398437499995 0.7136385953125 0.48626144218749995 0.7157564609375 0.48661868124999996 0.719739609375 0.4905498953125 0.7208695578125 0.492175575 0.71695565625 0.49174909062500005 0.7149554265625 0.49068563281250005 0.7134292875
0 0.4863039609375 0.501341615625 0.48507342500000006 0.49749341718749995 0.4811422109375 0.4963634671875 0.47971547968749995 0.4981335359375 0.47955390781249996 0.5027603453125 0.48081906874999997 0.5056170859375 0.48240133749999997 0.5064995640625 0.4851855546875 0.5049423421875 0.4863039609375 0.501341615625
0 0.4678289859375 0.5116158046875 0.46981465624999996 0.515159484375 0.47143154843749996 0.515050503125 0.47347217031250005 0.513467315625 0.4736711171875 0.5113234828125 0.46949204062499994 0.510184878125 0.4678289859375 0.5116158046875
0 0.5158279343750001 0.5228877578125 0.5157240671875 0.5258621359375 0.5171073890625 0.528888446875 0.5209061453125 0.5267048765625 0.5209149328125 0.5228999546875001 0.516995259375 0.52143951875 0.5158279343750001 0.5228877578125
0 0.515746621875 0.5394293890624999 0.5150838125 0.537090015625 0.5125562484375 0.534850971875 0.5110459781250001 0.535460009375 0.5090542734375 0.5391956875 0.5107574578125 0.5437221703125 0.5131064015625 0.5439696421875 0.5146282125 0.5430301156249999 0.515746621875 0.5394293890624999
0 0.508434346875 0.546288159375 0.5056732125 0.5471844078125 0.5044943453124999 0.5489631328125 0.5049092890625 0.5512938484375 0.5083216937499999 0.553067459375 0.5099127484375 0.550145015625 0.5095093453125 0.5474838125 0.508434346875 0.546288159375
0 0.48885173281250005 0.4248296890625 0.4849089796875 0.4240302265625 0.4826232453125 0.4290791921875 0.4838884046875 0.4319359328125 0.48597794531250005 0.4325052359375 0.48834997031249994 0.432091734375 0.4900938109375 0.4283474015625 0.48885173281250005 0.4248296890625
0 0.493384771875 0.4407052328125 0.497656178125 0.43919994687499997 0.49697907499999994 0.433716628125 0.49237626562500003 0.434052228125 0.4914480171875 0.4393140421875 0.493384771875 0.4407052328125
0 0.46411469843750003 0.41188838906249997 0.46499075 0.4152278765625 0.469913421875 0.4163924484375 0.470760884375 0.4134440375 0.470190403125 0.408460775 0.46584699843750005 0.40847454375 0.46411469843750003 0.41188838906249997
0 0.4581719765625 0.40440129999999996 0.45731297499999995 0.407680196875 0.4581544015625 0.4120111421875 0.4626736734375 0.4105145109375 0.463803621875 0.40658329687499994 0.46231367968750003 0.403056928125 0.4581719765625 0.40440129999999996
0 0.47305435156250003 0.43304660312500004 0.47454429375 0.4365729703125 0.47684707656249997 0.4381423875 0.47739775624999997 0.4330328328125 0.47305435156250003 0.43304660312500004
0 0.5537913765625 0.5301694796875001 0.552301434375 0.5266431109374999 0.5481108140625001 0.5258349921875001 0.5451507328125 0.5288750734375001 0.5450122421875 0.5328409109375001 0.5460641578125001 0.5346975359374999 0.5494045625 0.5349796296875 0.551528725 0.5345574734375 0.5537913765625 0.5301694796875001
0 0.5666631765625 0.449385625 0.5629105812499999 0.45024725 0.561991121875 0.45170414531249997 0.56229065625 0.4573397234375 0.566706059375 0.45881747031250003 0.5684988171875001 0.45722562812499995 0.5689313359375 0.45194650156250005 0.5666631765625 0.449385625
0 0.551786309375 0.4276891921875 0.5480452546875 0.42822033125000003 0.5466069828125 0.4303208859375 0.5472120874999999 0.43431268906250003 0.5518638140625 0.436129578125 0.55316084375 0.434520425 0.553783521875 0.4309023859375 0.551786309375 0.4276891921875
0 0.57311199375 0.4104004296875 0.5745673140625 0.4149182578125 0.5769162578125 0.415165728125 0.5787320968749999 0.4129129140625 0.5782220734375 0.4097516546875 0.5757780484375 0.4086736390625 0.57311199375 0.4104004296875
0 0.5636931328125 0.410071515625 0.5627533421875001 0.41566381718749995 0.564182828125 0.4173681828125 0.5675463140625 0.416989303125 0.5689615031249999 0.4155497203125 0.5682959421875 0.40973591562499995 0.5636931328125 0.410071515625
0 0.5988768109375 0.4543157796875 0.5958419765625 0.4523899078125 0.5925966515625001 0.45293835781249997 0.591337 0.45703048593749995 0.5919651859374999 0.46036131874999997 0.5935128328125 0.4622352546875 0.5971126421874999 0.46219551875000003 0.5996951578124999 0.459307696875 0.5988768109375 0.4543157796875
0 0.5913495953125001 0.4282435484375 0.5943816765625 0.426694984375 0.5939062734375 0.422542265625 0.590047059375 0.422903834375 0.5891649734375 0.42684370312500003 0.5913495953125001 0.4282435484375
0 0.6222606953125001 0.42783398593750005 0.6197155546875 0.433204784375 0.6231279578125 0.43497839374999997 0.6252636609375 0.43422574999999997 0.6259583375 0.43209922812499996 0.6244568546875 0.428903346875 0.6222606953125001 0.42783398593750005
0 0.6156017921875 0.38044971250000004 0.614077228125 0.37791480312500003 0.6113737968749999 0.37715861875 0.6088489859374999 0.3783940078125 0.6076470375 0.3808337046875 0.6095865484375 0.3856993296875 0.6123850578125001 0.387286059375 0.615169275 0.3857288390625 0.6156017921875 0.38044971250000004
0 0.62296023125 0.37226899687500004 0.6207640703124999 0.3711996359375 0.6172736343749999 0.37521386562500003 0.617901821875 0.3785446953125 0.6203112234375 0.3806141703125 0.6227178734375001 0.379209209375 0.624202309375 0.37578670937499997 0.62296023125 0.37226899687500004
0 0.6030602234375 0.41624414062500004 0.6009992734375 0.4219627359375 0.6041753515625 0.42339720468750003 0.60880124375 0.42240063125000005 0.610107059375 0.4169865546875 0.6078042765625 0.4154171375 0.6030602234375 0.41624414062500004
0 0.6031201546875 0.43229436874999994 0.603912665625 0.4344728265625 0.6064633125000001 0.43605089843749995 0.609365690625 0.43466325 0.6105560984375 0.4325540375 0.6077575859375 0.430967309375 0.6031201546875 0.43229436874999994
0 0.6249020875 0.4694528453125 0.6270581187500001 0.46456479375 0.625251065625 0.46301268906250004 0.6219826609375 0.4642221109375 0.6224811453125 0.46771385781249997 0.6249020875 0.4694528453125
0 0.6042221624999999 0.4824625953125 0.6030432968749999 0.484241321875 0.6036830234375 0.48724166718750006 0.6045101578125001 0.48842866249999994 0.6071185078125 0.48835430312500006 0.60864031875 0.4874147796875 0.608755728125 0.48410991406250004 0.6042221624999999 0.4824625953125
0 0.590274190625 0.5158916859375 0.5890865359374999 0.5214753328125 0.591720721875 0.5242144343749999 0.5968165078125 0.5204217109375 0.59834710625 0.5156772640625 0.5934128921874999 0.514843178125 0.590274190625 0.5158916859375
0 0.633738521875 0.5539727734375 0.6378109796875 0.5546113203124999 0.6416443609375 0.551436290625 0.64180593125 0.5468094812500001 0.6368920453125 0.5418399890625001 0.634125403125 0.535787365625 0.632119403125 0.53637909375 0.6311768609375 0.5384969609375 0.632761884375 0.542853871875 0.6320468781249999 0.5491158015625001 0.6326866046874999 0.552116146875 0.633738521875 0.5539727734375
0 0.578603690625 0.5338485046875 0.5749088015625 0.533057696875 0.5707209343749999 0.5357240140624999 0.57102046875 0.54135959375 0.5751649265625 0.5434896578124999 0.5792000078124999 0.5416452296875 0.579903471875 0.5357137859375001 0.578603690625 0.5338485046875
0 0.5645138265625 0.5073816578125 0.5635080734375 0.5042030875 0.5605914000000001 0.5024467875 0.5576659390625001 0.504495409375 0.5567492328125 0.5094267390625 0.5582507156250001 0.5126226203125 0.5608359843749999 0.513209234375 0.56387960625 0.511330184375 0.5645138265625 0.5073816578125
0 0.5812852140625 0.5814247734375 0.5809048921875 0.5781026 0.57766835625 0.574846128125 0.5729501375 0.5784865921875 0.5712898359375 0.5833919546875 0.5734425875 0.58925769375 0.5777744515625 0.5895744125 0.5800860203125 0.5873389062500001 0.5812852140625 0.5814247734375
0 0.586980071875 0.5889032109375 0.5867954171875 0.5941909921875 0.5897236312499999 0.5956168046875 0.5924963062499999 0.594390071875 0.59266941875 0.5894327765625 0.5886431265625001 0.5874722828125 0.586980071875 0.5889032109375
0 0.691745846875 0.44564681874999995 0.6895238515625 0.44176399687499995 0.6846242609375001 0.4399384515625 0.682667178125 0.44268266875 0.6820444984375 0.4463007078125 0.6849523843750001 0.45186192812500003 0.688258165625 0.4531354828125 0.6905581953125 0.451230465625 0.691745846875 0.44564681874999995
0 0.69701251875 0.4191941375 0.699229009375 0.416128090625 0.6993416625 0.4093487921875 0.6936407734375 0.4091497125 0.6899486375 0.41183333906249997 0.6891011734375 0.41478175000000006 0.689977225 0.41812123593750006 0.692009059375 0.42034297187499997 0.6938622750000001 0.42057313125 0.69701251875 0.4191941375
0 0.6458138828125 0.4213769140625 0.6433841515625 0.4234428484375 0.645960634375 0.4278343828125 0.6485893125 0.423624615625 0.6458138828125 0.4213769140625
0 0.6653919203124999 0.4328145 0.6665103296875 0.4292137734375 0.665469953125 0.42702666093749997 0.6605500328125 0.4293365234375 0.6613194640625 0.43217595312499996 0.6653919203124999 0.4328145
0 0.637578340625 0.454674596875 0.6382702640625 0.4490736390625 0.63744313125 0.44788664375 0.6335492921875 0.4492396703125 0.635713584375 0.4547749234375 0.637578340625 0.454674596875
0 0.6563264921874999 0.46145075156250004 0.6526085203124999 0.4613209171875 0.6508877609375 0.46440427656249994 0.6512450000000001 0.46838742343749995 0.6526514031249999 0.4707527625 0.6560495109375 0.46938242499999994 0.657510865625 0.46662089531250006 0.6563264921874999 0.46145075156250004
0 0.6353648484375001 0.6104462078124999 0.6334022578125 0.6062415546875 0.6314308796875 0.6058418234375 0.63000415 0.60761189375 0.6293814703125 0.61122993125 0.631165440625 0.6134430109375 0.6325344671875001 0.6133253734374999 0.6351889828124999 0.6119290687500001 0.6353648484375001 0.6104462078124999
0 0.615715865625 0.5690606546875 0.6170156453125 0.5709259359375001 0.618384671875 0.5708082984375 0.6202005109375001 0.5685554828125 0.6191112203125 0.56421588125 0.617281084375 0.5633247484374999 0.615715865625 0.5690606546875
0 0.629417671875 0.5675537953124999 0.6307839453125 0.5639617234375 0.6294957046875 0.56176595625 0.6255903265625 0.56344946875 0.626088809375 0.5669412140625 0.629417671875 0.5675537953124999
0 0.6250193187499999 0.5726944328125 0.62498745 0.5771603265625 0.629071446875 0.5774683875 0.631642421875 0.5749110515625 0.6310516109375001 0.574063196875 0.6291263984375 0.57234151875 0.6250193187499999 0.5726944328125
0 0.6366029984375 0.5643303734375 0.635060859375 0.56940530625 0.6402544781249999 0.5699175624999999 0.6389519421875 0.5645778453125 0.6366029984375 0.5643303734375
0 0.649235315625 0.5685767328125 0.653057153125 0.5657321890625 0.6533945921875 0.55962251875 0.6473161359375 0.5595757 0.64612848125 0.56515934375 0.649235315625 0.5685767328125
0 0.6606458828124999 0.5651699703124999 0.6600836609375 0.5706100125 0.6645336875 0.5710963 0.6649892875 0.5651562 0.6606458828124999 0.5651699703124999
0 0.6726687625000001 0.6046347671875 0.6709337093750001 0.604574178125 0.6679851671875 0.6072837718749999 0.6685787296875 0.6116060625 0.6715184843750001 0.6127013890625 0.6751501625 0.6081957578125 0.67497154375 0.606204184375 0.6726687625000001 0.6046347671875
0 0.65572333125 0.6386209609375 0.65449279375 0.6347727625 0.6503137140625 0.6336341578125 0.6483797140625 0.6357174015625 0.6475668734375 0.637674353125 0.64798181875 0.6400050687500001 0.6506390859375 0.6420832 0.654285059375 0.64072151875 0.65572333125 0.6386209609375
0 0.6482633734375 0.74209428125 0.654531990625 0.7438021874999999 0.657693775 0.7420927078124999 0.6612072921875 0.73741750625 0.6623141609375 0.734147265625 0.6615793531249999 0.730316378125 0.657388734375 0.729508259375 0.6538840046875001 0.7303785390625 0.64935319375 0.73220565625 0.6474076515625 0.7346193875 0.646525565625 0.7385592562500001 0.6482633734375 0.74209428125
0 0.6844845546875 0.7104356562499999 0.680717665625 0.7081533328125 0.6774608 0.7090322703124999 0.6762126890625 0.7127939125 0.6773366046875 0.7161420546875 0.6788957921875001 0.7176855046874999 0.683216115625 0.718332709375 0.6848187125 0.715079778125 0.6844845546875 0.7104356562499999
0 0.6662869625 0.623934384375 0.6623123390625001 0.6276008156249999 0.662231553125 0.62991421875 0.663225765625 0.633423278125 0.66680249375 0.6340445140625001 0.6680764390625 0.6330963328125 0.66849741875 0.6281476921875 0.6662869625 0.623934384375
0 0.68340971875 0.4711650875 0.681625746875 0.46895200781249996 0.6796543703125 0.46855227812500005 0.6774494234375 0.4712878390625 0.67750109375 0.4769147625 0.6792966046875 0.47879735468750007 0.6811613609375 0.47869702812500003 0.68319044375 0.477444328125 0.68340971875 0.4711650875
0 0.6814159078124999 0.531813665625 0.6787152296875 0.5345319171875 0.6782711703125 0.5401415296875001 0.6795594125 0.542337296875 0.681896815625 0.5429152546875 0.6839605203125 0.5406710953125 0.68416825625 0.534722340625 0.6814159078124999 0.531813665625
0 0.6765311359374999 0.5189038453125 0.6742398953125 0.5170039421875 0.6702278953125 0.5181873968749999 0.669060571875 0.5196356359375 0.6684263500000001 0.523584159375 0.669973996875 0.525458096875 0.6740695375 0.5254356718750001 0.6758738359375001 0.5235133421875 0.6765311359374999 0.5189038453125
0 0.5631967125 0.662357346875 0.5626460328125 0.667466903125 0.5670498953124999 0.6692751359375 0.5691251390625001 0.6667004890625 0.5680127640625 0.6630218625000001 0.56718563125 0.6618348640625 0.5631967125 0.662357346875
0 0.5443419406250001 0.6550811359375001 0.5432724484375 0.660834353125 0.5479472578125 0.6619902703125 0.5497284734375001 0.6607289140625 0.5503973171875 0.6557889296875 0.548353940625 0.6538976796875 0.5443419406250001 0.6550811359375001
0 0.5542351515624999 0.6880192203125 0.552845796875 0.692272265625 0.5545000640625 0.694646259375 0.557852009375 0.6945978671875 0.5590193343750001 0.693149628125 0.5583537734374999 0.6873358234375 0.5542351515624999 0.6880192203125
0 0.5999230578125 0.6872984515625 0.5991420890625 0.684789509375 0.5966865218749999 0.68404198125 0.5950234671875 0.6854729078124999 0.5944123296875 0.6887604609375 0.59570056875 0.6909562265625 0.597790109375 0.6915255296875 0.5998538124999999 0.6892813703125 0.5999230578125 0.6872984515625
0 0.60586630625 0.6805573171875 0.607468903125 0.6773043875 0.6057657187500001 0.672777903125 0.60331290625 0.675504809375 0.602713309375 0.678461875 0.60586630625 0.6805573171875
0 0.610420725 0.6638410015625 0.6106861640625 0.6562398140625 0.6063543015625 0.655923096875 0.6051869765625 0.6573713359375 0.6054980515625 0.6626764296875 0.610420725 0.6638410015625
0 0.6106565234375 0.6784083703125 0.6104718703125 0.6836961515625 0.6136364078125001 0.68546110625 0.6156770296875 0.68387791875 0.6158616828125 0.6785901375 0.61309779375 0.67601195 0.6106565234375 0.6784083703125
0 0.6500234921875 0.60996543125 0.650646171875 0.6063473921875 0.6481763109374999 0.6024559140625 0.6437032046875 0.6026305984375 0.641475175 0.606027134375 0.6412789812499999 0.6116454015625 0.6444666 0.612749384375 0.648585221875 0.6120659859375001 0.6500234921875 0.60996543125
0 0.6404584078125 0.5889508234374999 0.6398500234375 0.5957128109375 0.6440521828125 0.5961904421875001 0.645453078125 0.5916069109375 0.6450265953125001 0.58960668125 0.6441994609374999 0.588419684375 0.6404584078125 0.5889508234374999
0 0.659508846875 0.604836990625 0.6552720640625 0.6053508187500001 0.654352603125 0.6068077125 0.6549461671875 0.611130003125 0.6591021640625 0.61292958125 0.660635515625 0.61165956875 0.6612928171875 0.6070500703125 0.659508846875 0.604836990625
0 0.694364159375 0.48792665 0.6916981046874999 0.489653440625 0.690556615625 0.4939151421875 0.6913749609375001 0.498907059375 0.694775825 0.5010111562499999 0.6978309874999999 0.4988016203125 0.69826350625 0.4935224921875 0.694364159375 0.48792665
0 0.7087039953125001 0.45748924999999996 0.7107473703125 0.459380496875 0.7155865046875001 0.4593840390625 0.71639934375 0.4574270875 0.7158288625 0.452443825 0.7118025671875 0.45048333281249997 0.7087039953125001 0.45748924999999996
0 0.5331603687500001 0.5453317203125 0.53298725625 0.550289015625 0.5361633343750001 0.551723484375 0.5376966859375 0.550453471875 0.5391206640624999 0.54520896875 0.535624721875 0.542274328125 0.5331603687500001 0.5453317203125
0 0.55771275 0.5635608015625 0.5545251296875 0.5624568203125 0.552498803125 0.5671839546874999 0.5540233671875 0.5697188640624999 0.5556287171875 0.56994036875 0.55751655625 0.5691790703125 0.558977909375 0.5664175421875 0.55771275 0.5635608015625
0 0.5656724859375 0.5843539046874999 0.5619891375 0.5832326109375 0.5604354578125 0.5886380296875 0.5617006171875001 0.5914947703125 0.5628217765625 0.5913684781249999 0.5651822640625 0.5912854640625 0.5664303734375 0.58752381875 0.5656724859375 0.5843539046874999
0 0.5719538187500001 0.6318904390625 0.5699736546875 0.635295628125 0.5721121109375 0.6380174203125 0.5746946265624999 0.6351295984374999 0.5719538187500001 0.6318904390625
0 0.6753798062499999 0.55542691875 0.6721806453125 0.554653421875 0.670235103125 0.557067153125 0.6698718296874999 0.5603633609374999 0.6729786640625 0.5637807484375 0.6760222875 0.5619016984375 0.6761723171875 0.557605375 0.6753798062499999 0.55542691875
0 0.6898109156250001 0.550802078125 0.6888051609375 0.54762350625 0.6848854875 0.5461630703125 0.683187809375 0.5485854578125 0.6830493203125 0.5525512953125 0.6840550734375 0.555729865625 0.686156153125 0.55596868125 0.6889057484375 0.5554029203125 0.6898109156250001 0.550802078125
0 0.715410759375 0.5354824640625 0.7143588421875 0.5336258390624999 0.7119032765625 0.532878309375 0.70999235625 0.5343005796875 0.709652165625 0.5369358156249999 0.710917325 0.53979255625 0.7130068640625 0.540361859375 0.7150590265625001 0.5384481859375 0.715410759375 0.5354824640625
0 0.7234216390625 0.5761307171875 0.7255573421875 0.5753780734375 0.7270186953125 0.5726165453125 0.7233095109375001 0.5686817890625 0.72079899375 0.573061128125 0.7234216390625 0.5761307171875
0 0.67387083125 0.6768106328125 0.67090799375 0.6763762796874999 0.6694812625 0.6781463484375 0.6693773953125 0.6811207265625 0.6725303921875 0.6832161671875 0.6753376921875 0.680997975 0.6751706125 0.6786759140624999 0.67387083125 0.6768106328125
0 0.6801136140625 0.675705078125 0.679303528125 0.6811364656250001 0.682006959375 0.6818926484375 0.6845202296874999 0.680987746875 0.6843531515625 0.6786656859375 0.681600803125 0.6757570125 0.6801136140625 0.675705078125
0 0.737789778125 0.715440565625 0.73462799375 0.717150046875 0.7321086890624999 0.7253343046875 0.7333507671875 0.7288520171874999 0.7376826296875 0.729168734375 0.7415390937499999 0.7253327328125 0.7419831515624999 0.71972311875 0.737789778125 0.715440565625
0 0.7248503562499999 0.4428321796875 0.7313838859375 0.4511671265625 0.73899845 0.4534183703125 0.7426669765625 0.465623940625 0.7448889734375 0.4695067625 0.7499902656249999 0.4726629078125 0.7548294 0.47266645 0.7567029437499999 0.46876120156249995 0.75538886875 0.463751971875 0.755832928125 0.45814236093750005 0.7549799578124999 0.45414190000000004 0.7423998390625 0.441294240625 0.735863553125 0.42948486093750005 0.7319092578124999 0.42901588281249997 0.7296207703124999 0.4305904140625 0.7248102249999999 0.4368747703125 0.7248503562499999 0.4428321796875
0 0.589128246875 0.484748065625 0.5903906515624999 0.4841303703125 0.5905637640625 0.479173075 0.5857361703125 0.478839046875 0.5856927609375 0.48363542812500004 0.589128246875 0.484748065625
0 0.5969445109375 0.488329909375 0.5987949734375 0.485085634375 0.5975298140625 0.48222889375 0.593091328125 0.48141212031249997 0.5913936515625 0.48383450781250004 0.5969445109375 0.488329909375