0 0.617435515625 0.609457671875 0.6116071421875 0.6172288359375 0.611855159375 0.622519840625 0.6132192453124999 0.6240079359374999 0.6161954359374999 0.6263227515625001 0.622023809375 0.6271494703125 0.6276041671875 0.6253306875 0.6297123015625 0.6195436515625 0.6297123015625 0.6159060843749999 0.627976190625 0.6106150796875001 0.6238839281249999 0.6081349203124999 0.617435515625 0.609457671875
0 0.6090029765625 0.5423280421875 0.6055307546875001 0.5429894187500001 0.6046626984375 0.544146825 0.6049107140625 0.54976851875 0.606646825 0.5567129625 0.6080109125 0.5585317453124999 0.61259920625 0.5586970906250001 0.6159474203124999 0.5582010578125 0.6175595234375 0.5560515875 0.6175595234375 0.5481150796875001 0.6156994046875 0.5446428578125 0.6134672625 0.54365079375 0.6090029765625 0.5423280421875
0 0.5664682546875001 0.559358465625 0.5690724203124999 0.5621693125 0.5731646828125 0.56299603125 0.5763888890625 0.559689153125 0.5761408734375 0.5543981484375 0.572792659375 0.549603175 0.5685763890625 0.5499338625 0.565972221875 0.5540674609375 0.5664682546875001 0.559358465625
0 0.6163194437499999 0.5074404765625 0.6160714281249999 0.51240079375 0.6202876984375 0.515376984375 0.6238839281249999 0.514880953125 0.6269841265625 0.51240079375 0.627480159375 0.5074404765625 0.6236359125 0.502645503125 0.619667659375 0.502645503125 0.6163194437499999 0.5074404765625
0 0.5693204359374999 0.4768518515625 0.572792659375 0.47883597812499995 0.5768849203124999 0.47867063437499996 0.5798611109375 0.47602513281250003 0.5796130953125 0.47106481406249995 0.5777529765625 0.46825396875 0.5720486109375 0.4669312171875 0.568700396875 0.4700727515625 0.5693204359374999 0.4768518515625
0 0.546875 0.48726851875 0.5482390875 0.491071428125 0.5508432546875001 0.49156746093750003 0.5531994046875 0.49140211562499997 0.5555555562500001 0.4859457671875 0.5536954359374999 0.48148148125 0.548983134375 0.48048941875000006 0.547123015625 0.4829695765625 0.546875 0.48726851875
0 0.4061259921875 0.5750661375 0.40550595312500004 0.58151455 0.40625 0.5858134921875 0.4093501984375 0.5892857140625 0.41344246093750003 0.590112434375 0.4157986109375 0.5896164015625 0.4171626984375 0.58779761875 0.41741071406249997 0.584160053125 0.411582340625 0.5750661375 0.4093501984375 0.5740740734374999 0.4061259921875 0.5750661375
0 0.3869047625 0.5133928578125 0.388144840625 0.51901455 0.3923611109375 0.5226521156249999 0.396329365625 0.5206679890625 0.3970734125 0.51273148125 0.395709325 0.509259259375 0.39174107187499996 0.5072751328125 0.38876488125 0.5085978843750001 0.3869047625 0.5133928578125
0 0.4613095234375 0.43964947031249996 0.4610615078125 0.44460978906250004 0.4632936515625 0.44758597812499995 0.46688988125 0.447089946875 0.46875 0.44460978906250004 0.468998015625 0.4389880953125 0.46688988125 0.4365079359375 0.46292162656249997 0.4371693125 0.4613095234375 0.43964947031249996
0 0.44866071406249997 0.42410714218749995 0.4500248015625 0.4269179890625 0.4516369046875 0.42774470937500003 0.45510912656249997 0.42609127031250005 0.45535714218749995 0.422123015625 0.45399305625 0.41997354531250003 0.45101686562500004 0.41931216875 0.44915674531249994 0.421461640625 0.44866071406249997 0.42410714218749995
0 0.46428571406249997 0.5702711640625 0.46664186562500004 0.57473545 0.46825396875 0.57457010625 0.4702380953125 0.5732473546875 0.47098214218749995 0.5696097890625 0.46961805625 0.566137565625 0.46688988125 0.565145503125 0.46502976250000005 0.5669642859375 0.46428571406249997 0.5702711640625
0 0.5602678578125 0.6360780421875 0.564980159375 0.63707010625 0.568204365625 0.6327711640625 0.5677083328125 0.628141534375 0.5653521828125 0.6266534390625 0.560887896875 0.627645503125 0.55927579375 0.6327711640625 0.5602678578125 0.6360780421875
0 0.68936011875 0.559193121875 0.6892361109375 0.564980159375 0.6949404765625 0.568617725 0.697792659375 0.56812169375 0.7017609125 0.565145503125 0.702876984375 0.559689153125 0.69853670625 0.5558862437500001 0.6938244046875 0.5558862437500001 0.68936011875 0.559193121875
0 0.6351686515625 0.5090939156250001 0.6367807546875001 0.512896825 0.639880953125 0.5137235453125 0.643601190625 0.5107473546875 0.6448412703125 0.5064484125 0.6432291671875 0.5019841265625 0.6392609125 0.5003306875 0.6364087296875 0.502480159375 0.6351686515625 0.5090939156250001
0 0.6321924609375 0.6797288359375 0.635540675 0.6835317453124999 0.6396329359374999 0.6836970906250001 0.6421130953125 0.6803902109375 0.6423611109375 0.6734457671875 0.6392609125 0.6696428578125 0.635540675 0.66898148125 0.6321924609375 0.6741071421875 0.6321924609375 0.6797288359375
0 0.541790675 0.46858465625 0.5453869046875 0.46875 0.5478670640625001 0.465773809375 0.546875 0.4608134921875 0.5412946421875 0.459986771875 0.5399305562500001 0.46478174531249994 0.5404265875 0.46676587343750003 0.541790675 0.46858465625
0 0.5022321421875 0.3695436515625 0.50458829375 0.3726851859375 0.5064484125 0.3731812171875 0.509920634375 0.3708664015625 0.5104166671875 0.364914021875 0.5060763890625 0.362103175 0.502108134375 0.3634259265625 0.5012400796875001 0.3665674609375 0.5022321421875 0.3695436515625
0 0.6540178578125 0.5385251328125 0.65947420625 0.540509259375 0.6646825390625 0.5388558203125 0.6649305562500001 0.5332341265625 0.6625744046875 0.5291005296875 0.658358134375 0.528769840625 0.6550099203124999 0.5335648140625 0.6540178578125 0.5385251328125
0 0.3320932546875 0.42906746093750003 0.3330853171875 0.43700396875 0.3344494046875 0.43948412656249997 0.337549603125 0.440310846875 0.33928571406249997 0.4393187828125 0.3400297625 0.43667327968749997 0.3395337296875 0.4307209 0.3374255953125 0.4265873015625 0.333457340625 0.42625661406250004 0.3320932546875 0.42906746093750003
0 0.3489583328125 0.5077711640625 0.34821428593750003 0.5176917984375 0.349950396875 0.518353175 0.354538690625 0.5168650796875001 0.356646825 0.51306216875 0.356398809375 0.5064484125 0.35478670625 0.5039682546875001 0.3515625 0.5039682546875001 0.3489583328125 0.5077711640625
0 0.3554067453125 0.546461640625 0.3570188484375 0.5492724875 0.3613591265625 0.54976851875 0.3630952375 0.5481150796875001 0.36383928593750003 0.5431547625 0.360987103125 0.537367725 0.35751488125 0.5380290999999999 0.35491071406249997 0.54348545 0.3554067453125 0.546461640625
0 0.392237103125 0.6074735453125 0.39657738125 0.6073082015625 0.39756944375000003 0.6013558203125 0.39248511875 0.5952380953125 0.3892609125 0.596230159375 0.3886408734375 0.6020171953125 0.3893849203125 0.6043320109375 0.392237103125 0.6074735453125
0 0.3648313484375 0.6145833328125 0.3659474203125 0.6173941796875 0.368799603125 0.6185515875 0.37152777812500004 0.61259920625 0.3712797625 0.609292328125 0.3691716265625 0.60615079375 0.36619543593750004 0.60648148125 0.3648313484375 0.6083002640624999 0.3648313484375 0.6145833328125
0 0.3999255953125 0.690145503125 0.39744543593750004 0.691137565625 0.3953373015625 0.6949404765625 0.39657738125 0.7012235453125 0.3999255953125 0.70568783125 0.40426587343750003 0.7068452375 0.4066220234375 0.70568783125 0.4079861109375 0.703207671875 0.40848214218749995 0.70056216875 0.4072420640625 0.6949404765625 0.4038938484375 0.690806878125 0.3999255953125 0.690145503125
0 0.4144345234375 0.7022156078124999 0.4157986109375 0.7040343921875001 0.4201388890625 0.703869046875 0.42237103125 0.7008928578125 0.421626984375 0.6952711640625 0.41976686562500004 0.6924603171875 0.4157986109375 0.6924603171875 0.4141865078125 0.6956018515625 0.4144345234375 0.7022156078124999
0 0.42906746093750003 0.5858134921875 0.4298115078125 0.5891203703125 0.4314236109375 0.590939153125 0.4362599203125 0.590773809375 0.43799603125 0.5894510578125 0.4387400796875 0.5864748671875 0.437748015625 0.5825066140625 0.43539186562500004 0.5796957671875 0.43167162656249997 0.5803571421875 0.42906746093750003 0.5858134921875
0 0.42385912656249997 0.5768849203124999 0.428075396875 0.57523148125 0.4283234125 0.5699404765625 0.42745535781250005 0.56878306875 0.42237103125 0.5702711640625 0.42261904687499996 0.57556216875 0.42385912656249997 0.5768849203124999
0 0.4155505953125 0.56812169375 0.4171626984375 0.5679563484375 0.41964285781250005 0.565972221875 0.4195188484375 0.5601851859375 0.4157986109375 0.5601851859375 0.4144345234375 0.56266534375 0.4144345234375 0.5666335984375 0.4155505953125 0.56812169375
0 0.45510912656249997 0.49652777812500004 0.45659722187499996 0.4918981484375 0.455605159375 0.48792989374999995 0.45126488125 0.48776454999999996 0.450396825 0.490575396875 0.45089285781250005 0.49586640156249995 0.45510912656249997 0.49652777812500004
0 0.4670138890625 0.4829695765625 0.46788194375 0.484126984375 0.47098214218749995 0.484292328125 0.47470238125 0.4813161375 0.47470238125 0.478339946875 0.47309027812500004 0.4761904765625 0.4701140875 0.47585978906250004 0.4672619046875 0.47867063437499996 0.4670138890625 0.4829695765625
0 0.4945436515625 0.4932209 0.4982638890625 0.4952050265625 0.5 0.4935515875 0.499751984375 0.4892526453125 0.498387896875 0.4874338625 0.49541170625 0.48776454999999996 0.49429563437499996 0.48991402187500005 0.4945436515625 0.4932209
0 0.4858630953125 0.5299272484374999 0.49032738125 0.530588625 0.493303571875 0.528273809375 0.49280753906249997 0.5246362437500001 0.4904513890625 0.5231481484375 0.48648313437499996 0.5238095234375 0.48511904687499996 0.528273809375 0.4858630953125 0.5299272484374999
0 0.48511904687499996 0.5507605812499999 0.48648313437499996 0.552579365625 0.49032738125 0.552414021875 0.4920634921875 0.5491071421875 0.491071428125 0.5454695765625 0.49020337343750003 0.54431216875 0.48648313437499996 0.5446428578125 0.484623015625 0.5487764546875 0.48511904687499996 0.5507605812499999
0 0.45684523749999995 0.5391865078125 0.456101190625 0.544146825 0.459325396875 0.546461640625 0.46292162656249997 0.546296296875 0.46428571406249997 0.544146825 0.4637896828125 0.5388558203125 0.4626736109375 0.5367063484375 0.45870535781250005 0.5367063484375 0.45684523749999995 0.5391865078125
0 0.5125248015625 0.484788359375 0.515376984375 0.48495370312499997 0.5178571421875 0.48363095312500004 0.5178571421875 0.478009259375 0.5130208328125 0.4768518515625 0.5114087296875 0.478339946875 0.5109126984375 0.48230820156250004 0.5125248015625 0.484788359375
0 0.486855159375 0.4578373015625 0.490575396875 0.459160053125 0.49280753906249997 0.45519179843749996 0.4920634921875 0.4522156078125 0.4904513890625 0.450396825 0.4869791671875 0.45105820156250004 0.4861111109375 0.4545304234375 0.486855159375 0.4578373015625
0 0.533358134375 0.514880953125 0.537450396875 0.5147156078124999 0.5394345234375 0.5071097890625 0.5373263890625 0.5039682546875001 0.53311011875 0.5042989421875 0.53125 0.5074404765625 0.53174603125 0.51273148125 0.533358134375 0.514880953125
0 0.4007936515625 0.48032407343749994 0.40252976250000005 0.4770171953125 0.40178571406249997 0.47238756562499995 0.4001736109375 0.4702380953125 0.395709325 0.4705687828125 0.396825396875 0.47867063437499996 0.4007936515625 0.48032407343749994
0 0.3921130953125 0.49652777812500004 0.393601190625 0.4918981484375 0.3926091265625 0.48859127031250005 0.3882688484375 0.4874338625 0.3869047625 0.49156746093750003 0.388144840625 0.49652777812500004 0.3921130953125 0.49652777812500004
0 0.38467261875 0.48693783125 0.3854166671875 0.48627645468749997 0.3851686515625 0.4813161375 0.3843005953125 0.48015872968749995 0.3805803578125 0.48082010625000005 0.3804563484375 0.48627645468749997 0.38467261875 0.48693783125
0 0.3851686515625 0.544146825 0.3867807546875 0.5459656078124999 0.3893849203125 0.546130953125 0.3923611109375 0.5438161375 0.3921130953125 0.5418320109375 0.3907490078125 0.5380290999999999 0.3877728171875 0.5370370375 0.3851686515625 0.5388558203125 0.3851686515625 0.544146825
0 0.4015376984375 0.5385251328125 0.4045138890625 0.5391865078125 0.406498015625 0.5365410046875 0.4072420640625 0.5329034390625 0.4063740078125 0.53075396875 0.40414186562500004 0.5297619046875 0.40178571406249997 0.5335648140625 0.4015376984375 0.5385251328125
0 0.4201388890625 0.4948743390625 0.4217509921875 0.49404761875 0.4228670640625 0.491236771875 0.4215029765625 0.48842592656250006 0.41976686562500004 0.4874338625 0.4171626984375 0.49156746093750003 0.4201388890625 0.4948743390625
0 0.42906746093750003 0.5077711640625 0.4279513890625 0.50595238125 0.4236111109375 0.5074404765625 0.4247271828125 0.5105820109375 0.42757936562500004 0.5114087296875 0.42906746093750003 0.5077711640625
0 0.43377976250000005 0.546130953125 0.43415178593750003 0.54365079375 0.43055555625 0.5438161375 0.4310515875 0.547453703125 0.4320436515625 0.5481150796875001 0.43377976250000005 0.546130953125
0 0.4360119046875 0.5401785718750001 0.4378720234375 0.5390211640625 0.43799603125 0.53753306875 0.437251984375 0.5335648140625 0.4351438484375 0.5330687828125 0.43427579375 0.5388558203125 0.4360119046875 0.5401785718750001
0 0.455853175 0.5834986765625 0.45907738125 0.5848214281249999 0.4608134921875 0.5831679890625 0.4613095234375 0.5805224875 0.45895337343750003 0.577380953125 0.4562251984375 0.577711640625 0.45535714218749995 0.5791997359375001 0.455853175 0.5834986765625
0 0.4517609125 0.6044973546875 0.45510912656249997 0.6046626984375 0.45659722187499996 0.6020171953125 0.455853175 0.5983796296875 0.4505208328125 0.596230159375 0.44940476250000005 0.59970238125 0.44990079375 0.6026785718750001 0.4517609125 0.6044973546875
0 0.44345238125 0.6142526453125 0.44444444375 0.6109457671875 0.44345238125 0.6073082015625 0.442584325 0.6071428578125 0.43948412656249997 0.6102843921875001 0.4392361109375 0.61226851875 0.44345238125 0.6142526453125
0 0.4265873015625 0.6192129625 0.42745535781250005 0.6203703703125 0.43154761875 0.6205357140625 0.4325396828125 0.6182209000000001 0.4320436515625 0.6145833328125 0.4311755953125 0.6134259265625001 0.427207340625 0.6130952375 0.42584325468750006 0.6168981484375 0.4265873015625 0.6192129625
0 0.5014880953125 0.5914351859375 0.502480159375 0.590773809375 0.5022321421875 0.584490740625 0.49813988125 0.5846560843749999 0.497271825 0.5858134921875 0.497271825 0.591104496875 0.5014880953125 0.5914351859375
0 0.5159970234375 0.5985449734375 0.518105159375 0.5990410046875 0.5203373015625 0.5957341265625 0.51884920625 0.5914351859375 0.517237103125 0.590608465625 0.51512896875 0.5927579359374999 0.5143849203124999 0.596395503125 0.5159970234375 0.5985449734375
0 0.5257936515625 0.5950727515625001 0.5295138890625 0.5917658734375 0.529141865625 0.5899470906250001 0.526165675 0.5882936515625 0.5245535718750001 0.5894510578125 0.5240575390625 0.5920965609375 0.5257936515625 0.5950727515625001
0 0.4831349203125 0.6493055562500001 0.486855159375 0.6483134921875 0.485987103125 0.64318783125 0.48251488125 0.6421957671875 0.481398809375 0.643353175 0.481646825 0.6486441796875 0.4831349203125 0.6493055562500001
0 0.49131944375 0.635085978125 0.49131944375 0.6390542328125 0.4945436515625 0.640707671875 0.49603174531249994 0.63806216875 0.49603174531249994 0.6334325390625 0.49813988125 0.6332671953125 0.49813988125 0.6322751328125 0.4931795640625 0.6332671953125 0.49131944375 0.635085978125
0 0.4384920640625 0.67509920625 0.4406001984375 0.6772486765625 0.4439484125 0.677744709375 0.446428571875 0.67476851875 0.4456845234375 0.669146825 0.4438244046875 0.666335978125 0.44109622968749995 0.6666666671875 0.4384920640625 0.669146825 0.4384920640625 0.67509920625
0 0.454737103125 0.63095238125 0.456101190625 0.6307870375 0.45734127031250005 0.6297949734375 0.4578373015625 0.6271494703125 0.45498511875 0.6253306875 0.453373015625 0.6271494703125 0.453373015625 0.6288029093749999 0.454737103125 0.63095238125
0 0.5176091265625 0.635085978125 0.521825396875 0.6357473546875 0.5245535718750001 0.6331018515625 0.5245535718750001 0.627480159375 0.520709325 0.6263227515625001 0.517733134375 0.627645503125 0.5166170640625001 0.6324404765625 0.5176091265625 0.635085978125
0 0.518601190625 0.685019840625 0.519965278125 0.690476190625 0.5238095234375 0.690641534375 0.5251736109375 0.690476190625 0.5257936515625 0.6886574078125001 0.5260416671875 0.6853505296875 0.5249255953125 0.6835317453124999 0.5214533734375 0.6825396828125 0.518601190625 0.685019840625
0 0.5054563484375 0.6549272484374999 0.507068453125 0.65641534375 0.5101686515625 0.6565806875 0.5116567453124999 0.6539351859375 0.5111607140625 0.6489748671875 0.510292659375 0.6478174609375 0.5060763890625 0.6484788359375 0.5049603171875 0.652612434375 0.5054563484375 0.6549272484374999
0 0.4844990078125 0.7010582015625 0.486855159375 0.7012235453125 0.48809523749999995 0.70023148125 0.48859127031250005 0.6956018515625 0.485987103125 0.69378306875 0.48363095312500004 0.6956018515625 0.48387896875 0.69957010625 0.4844990078125 0.7010582015625
0 0.49429563437499996 0.7200727515625001 0.4982638890625 0.7210648140625 0.499751984375 0.7170965609375 0.49925595312500004 0.715112434375 0.49813988125 0.7136243390625 0.494667659375 0.7139550265625 0.493799603125 0.716104496875 0.49429563437499996 0.7200727515625001
0 0.4796626984375 0.503472221875 0.48102678593750003 0.50628306875 0.4826388890625 0.5071097890625 0.4853670640625 0.5054563484375 0.48635912656249997 0.5018187828125 0.48499503906249997 0.49801587343750003 0.48102678593750003 0.497023809375 0.4796626984375 0.4988425921875 0.4796626984375 0.503472221875
0 0.47197420625 0.516038359375 0.4739583328125 0.5143849203124999 0.474082340625 0.51223545 0.469866071875 0.5112433859375 0.46825396875 0.51273148125 0.470362103125 0.516203703125 0.47197420625 0.516038359375
0 0.518105159375 0.528273809375 0.521825396875 0.5259589953125 0.5217013890625 0.5221560843749999 0.517733134375 0.5208333328125 0.5166170640625001 0.5223214281249999 0.5166170640625001 0.52529761875 0.518105159375 0.528273809375
0 0.5104166671875 0.5388558203125 0.5122767859375 0.54332010625 0.5146329359374999 0.54348545 0.51612103125 0.5424933859375 0.5171130953125 0.5388558203125 0.516369046875 0.5365410046875 0.51376488125 0.534391534375 0.5122767859375 0.5350529093749999 0.5104166671875 0.5388558203125
0 0.5066964281249999 0.5510912703125 0.5101686515625 0.552744709375 0.5116567453124999 0.54976851875 0.5111607140625 0.547123015625 0.5100446421875 0.5459656078124999 0.50731646875 0.546957671875 0.506200396875 0.5487764546875 0.5066964281249999 0.5510912703125
0 0.4815228171875 0.4325396828125 0.48363095312500004 0.43303571406249997 0.485987103125 0.4325396828125 0.48759920625 0.428736771875 0.48623511875 0.42526454999999996 0.48226686562500004 0.424603175 0.48015872968749995 0.4297288359375 0.4815228171875 0.4325396828125
0 0.49553571406249997 0.4393187828125 0.494667659375 0.43386243437500005 0.49007936562500004 0.434358465625 0.4893353171875 0.43964947031249996 0.49131944375 0.44097222187499996 0.49553571406249997 0.4393187828125
0 0.4670138890625 0.41749338593749996 0.4677579359375 0.4145171953125 0.4670138890625 0.40955687812499997 0.4626736109375 0.40972222187499996 0.4610615078125 0.41319444375 0.462053571875 0.4165013234375 0.4670138890625 0.41749338593749996
0 0.45510912656249997 0.41352513281250003 0.4595734125 0.41187169375000005 0.4605654765625 0.4079034390625 0.45895337343750003 0.4044312171875 0.4548611109375 0.4059193125 0.4541170640625 0.409226190625 0.45510912656249997 0.41352513281250003
0 0.47073412656249997 0.43402777812500004 0.47234622968749995 0.4375 0.47470238125 0.4389880953125 0.4750744046875 0.43386243437500005 0.47073412656249997 0.43402777812500004
0 0.546130953125 0.53125 0.5472470234375 0.5330687828125 0.5505952375 0.5332341265625 0.5527033734375 0.5327380953125 0.5548115078125 0.528273809375 0.5531994046875 0.5248015875 0.548983134375 0.5241402109375 0.546130953125 0.5272817453124999 0.546130953125 0.53125
0 0.5607638890625 0.45519179843749996 0.565228175 0.45651454999999996 0.5669642859375 0.4548611109375 0.5672123015625 0.44957010625000005 0.5648561515625 0.447089946875 0.5611359125 0.4480820109375 0.5602678578125 0.44957010625000005 0.5607638890625 0.45519179843749996
0 0.5448908734375 0.4327050265625 0.549603175 0.434358465625 0.5508432546875001 0.4327050265625 0.5513392859375 0.42906746093750003 0.5492311515625 0.42592592656250006 0.5455109125 0.4265873015625 0.544146825 0.428736771875 0.5448908734375 0.4327050265625
0 0.5739087296875 0.41253306875 0.575644840625 0.41021825468750006 0.5750248015625 0.40707672031250003 0.5725446421875 0.40608465625 0.5699404765625 0.4079034390625 0.5715525796875001 0.412367725 0.5739087296875 0.41253306875
0 0.5612599203124999 0.415178571875 0.564608134375 0.41468253906249997 0.565972221875 0.41319444375 0.5651041671875 0.4074074078125 0.5605158734375 0.4079034390625 0.559771825 0.41352513281250003 0.5612599203124999 0.415178571875
0 0.59052579375 0.45717592656250006 0.592137896875 0.45899470937500003 0.5957341265625 0.45882936562500004 0.5982142859375 0.455853175 0.597222221875 0.45089285781250005 0.5941220234375 0.44907407343749994 0.5908978171875 0.44973545000000004 0.5897817453124999 0.45386904687499996 0.59052579375 0.45717592656250006
0 0.5917658734375 0.4234457671875 0.5911458328125 0.41931216875 0.5873015875 0.41980820156250004 0.5865575390625 0.42377645468749997 0.5887896828125 0.42509920625 0.5917658734375 0.4234457671875
0 0.6207837296875 0.4307209 0.622891865625 0.4298941796875 0.6235119046875 0.42774470937500003 0.6218998015625 0.424603175 0.619667659375 0.4236111109375 0.6173115078125 0.42906746093750003 0.6207837296875 0.4307209
0 0.60342261875 0.3771494703125 0.6055307546875001 0.38194444375000003 0.6083829359374999 0.3834325390625 0.6111111109375 0.38177910000000004 0.6113591265625 0.3764880953125 0.6097470234375 0.37400793593750004 0.6070188484375 0.3733465609375 0.604538690625 0.3746693125 0.60342261875 0.3771494703125
0 0.6135912703125 0.37450396874999997 0.6160714281249999 0.3764880953125 0.6184275796875001 0.375 0.6197916671875 0.37152777812500004 0.6184275796875001 0.36805555624999997 0.6161954359374999 0.3670634921875 0.612847221875 0.371197090625 0.6135912703125 0.37450396874999997
0 0.6014384921875 0.41980820156250004 0.6060267859375 0.41865079375 0.6071428578125 0.41319444375 0.60478670625 0.4117063484375 0.6000744046875 0.4126984125 0.5982142859375 0.41848545000000004 0.6014384921875 0.41980820156250004
0 0.6041666671875 0.4323743390625 0.6070188484375 0.43088624375 0.6081349203124999 0.428736771875 0.6052827375 0.4272486765625 0.6006944437499999 0.428736771875 0.6015625 0.43088624375 0.6041666671875 0.4323743390625
0 0.625744046875 0.46015211562499997 0.6238839281249999 0.45866402187500005 0.620659721875 0.459986771875 0.6212797625 0.4634589953125 0.6237599203124999 0.46511243437500005 0.625744046875 0.46015211562499997
0 0.604042659375 0.484788359375 0.606646825 0.484623015625 0.6081349203124999 0.48363095312500004 0.6081349203124999 0.48032407343749994 0.6035466265625 0.47883597812499995 0.6024305562500001 0.48065476250000005 0.603174603125 0.48363095312500004 0.604042659375 0.484788359375
0 0.5925099203124999 0.5209986765625 0.5974702375 0.5170304234375 0.598834325 0.51223545 0.5938740078125 0.5115740734374999 0.590773809375 0.51273148125 0.5897817453124999 0.518353175 0.5925099203124999 0.5209986765625
0 0.6324404765625 0.533895503125 0.6341765875 0.5381944437499999 0.6336805562500001 0.5444775125 0.634424603125 0.547453703125 0.635540675 0.5492724875 0.6396329359374999 0.54976851875 0.643353175 0.546461640625 0.643353175 0.5418320109375 0.6382688484375 0.5370370375 0.635292659375 0.53108465625 0.63330853125 0.53174603125 0.6324404765625 0.533895503125
0 0.572420634375 0.5388558203125 0.5766369046875 0.540839946875 0.580605159375 0.5388558203125 0.581101190625 0.5329034390625 0.579737103125 0.53108465625 0.576016865625 0.5304232796874999 0.571924603125 0.5332341265625 0.572420634375 0.5388558203125
0 0.5570436515625 0.5074404765625 0.5586557546875001 0.5105820109375 0.5612599203124999 0.5110780421875 0.5642361109375 0.5090939156250001 0.5647321421875 0.5051256609375 0.5636160718750001 0.5019841265625 0.56063988125 0.5003306875 0.5577876984375 0.502480159375 0.5570436515625 0.5074404765625
0 0.5741567453124999 0.580853175 0.576512896875 0.5866402109375 0.580853175 0.5868055562500001 0.5830853171875 0.584490740625 0.58407738125 0.578538359375 0.5835813484375 0.57523148125 0.580233134375 0.572089946875 0.575644840625 0.5758928578125 0.5741567453124999 0.580853175
0 0.593005953125 0.5924272484374999 0.5957341265625 0.591104496875 0.5957341265625 0.5861441796875 0.591641865625 0.584325396875 0.5900297625 0.5858134921875 0.5900297625 0.591104496875 0.593005953125 0.5924272484374999
0 0.6800595234375 0.439980159375 0.683159721875 0.4454365078125 0.6865079359374999 0.446593915625 0.6887400796875001 0.44460978906250004 0.6897321421875 0.4389880953125 0.6873759921875 0.43518518593750005 0.682415675 0.43353174531249994 0.6805555562500001 0.4363425921875 0.6800595234375 0.439980159375
0 0.6860119046875 0.40823412656249997 0.68700396875 0.4115410046875 0.689112103125 0.4136904765625 0.690972221875 0.4138558203125 0.6940724203124999 0.412367725 0.6961805562500001 0.409226190625 0.696056546875 0.40244709062500006 0.6903521828125 0.40244709062500006 0.686755953125 0.4052579359375 0.6860119046875 0.40823412656249997
0 0.6429811515625 0.41633597812499995 0.640625 0.41848545000000004 0.643353175 0.4227843921875 0.6458333328125 0.41848545000000004 0.6429811515625 0.41633597812499995
0 0.6639384921875 0.4234457671875 0.6628224203124999 0.42129629687500003 0.6579861109375 0.42377645468749997 0.6588541671875 0.4265873015625 0.6629464281249999 0.4270833328125 0.6639384921875 0.4234457671875
0 0.6364087296875 0.4442791 0.635540675 0.44312169375000005 0.6316964281249999 0.44460978906250004 0.6340525796875001 0.4500661375 0.6359126984375 0.44990079375 0.6364087296875 0.4442791
0 0.650049603125 0.46312830624999995 0.6515376984375 0.46544312187500003 0.6548859125 0.4639550265625 0.65625 0.4611441796875 0.6548859125 0.45601851875 0.651165675 0.45601851875 0.6495535718750001 0.459160053125 0.650049603125 0.46312830624999995
0 0.6331845234375 0.606646825 0.6350446421875 0.608796296875 0.6364087296875 0.608630953125 0.639012896875 0.6071428578125 0.6391369046875 0.6056547625 0.6370287703125 0.6015211640625 0.6350446421875 0.6011904765625 0.6336805562500001 0.603009259375 0.6331845234375 0.606646825
0 0.6207837296875 0.5666335984375 0.622519840625 0.5643187828125 0.6212797625 0.560019840625 0.6194196421875 0.559193121875 0.6180555562500001 0.564980159375 0.6194196421875 0.5667989421875 0.6207837296875 0.5666335984375
0 0.6329365078125 0.559358465625 0.6315724203124999 0.5572089953125 0.627728175 0.559027778125 0.6283482140625 0.5625 0.6316964281249999 0.56299603125 0.6329365078125 0.559358465625
0 0.6316964281249999 0.5729166671875 0.6341765875 0.5702711640625 0.633556546875 0.5694444437499999 0.6315724203124999 0.5677910046875 0.627480159375 0.5682870375 0.6276041671875 0.5727513234375 0.6316964281249999 0.5729166671875
0 0.63876488125 0.559523809375 0.63740079375 0.5646494703125 0.6426091265625 0.564980159375 0.64112103125 0.559689153125 0.63876488125 0.559523809375
0 0.6552579359374999 0.5603505296875 0.6553819437499999 0.5542328046875 0.6493055562500001 0.5543981484375 0.6483134921875 0.560019840625 0.6515376984375 0.5633267203125001 0.6552579359374999 0.5603505296875
0 0.6628224203124999 0.559523809375 0.662450396875 0.564980159375 0.6669146828125 0.565310846875 0.6671626984375 0.559358465625 0.6628224203124999 0.559523809375
0 0.67237103125 0.6056547625 0.675347221875 0.606646825 0.6788194437499999 0.6020171953125 0.6785714281249999 0.60003306875 0.676215278125 0.5985449734375 0.6744791671875 0.5985449734375 0.671626984375 0.6013558203125 0.67237103125 0.6056547625
0 0.6522817453124999 0.6324404765625 0.652777778125 0.634755290625 0.655505953125 0.6367394187500001 0.6591021828125 0.6352513234375 0.6604662703125 0.6331018515625 0.6591021828125 0.6292989421875 0.6548859125 0.628306878125 0.65302579375 0.6304563484375 0.6522817453124999 0.6324404765625
0 0.6618303578125 0.724867725 0.6573660718750001 0.7268518515625 0.655505953125 0.7293320109375 0.6547619046875 0.7333002640624999 0.6566220234375 0.7367724875 0.6629464281249999 0.7382605812499999 0.6660466265625 0.7364417984375 0.669394840625 0.731646825 0.6703869046875 0.728339946875 0.6695188484375 0.7245370375 0.6653025796875001 0.7238756609375 0.6618303578125 0.724867725
0 0.684771825 0.7098214281249999 0.6863839281249999 0.7113095234375 0.69072420625 0.7118055562500001 0.6922123015625 0.7084986765625 0.6917162703125 0.703869046875 0.6878720234375 0.7017195765625 0.6846478171875 0.702711640625 0.6835317453124999 0.70651455 0.684771825 0.7098214281249999
0 0.6677827375 0.627645503125 0.67137896875 0.628141534375 0.672619046875 0.6271494703125 0.6728670640625001 0.622189153125 0.6705109125 0.6180555562500001 0.6666666671875 0.621858465625 0.6666666671875 0.6241732796874999 0.6677827375 0.627645503125
0 0.6765873015625 0.47073412656249997 0.6784474203124999 0.47255290937499994 0.6803075390625 0.47238756562499995 0.6822916671875 0.47106481406249995 0.6822916671875 0.46478174531249994 0.680431546875 0.462632275 0.6784474203124999 0.4623015875 0.6763392859375 0.46511243437500005 0.6765873015625 0.47073412656249997
0 0.6809275796875001 0.5360449734375 0.6832837296875 0.5365410046875 0.6852678578125 0.534226190625 0.6852678578125 0.528273809375 0.682415675 0.5254629625 0.6798115078125 0.528273809375 0.6795634921875 0.533895503125 0.6809275796875001 0.5360449734375
0 0.669146825 0.5176917984375 0.6707589281249999 0.5195105812499999 0.674851190625 0.5193452375 0.6765873015625 0.5173611109375 0.6770833328125 0.51273148125 0.6747271828125 0.5109126984375 0.6707589281249999 0.51223545 0.6696428578125 0.5137235453125 0.669146825 0.5176917984375
0 0.5729166671875 0.6668320109375 0.57490079375 0.6641865078125 0.5736607140625 0.6605489421875 0.572792659375 0.659391534375 0.5688244046875 0.6600529093749999 0.56845238125 0.6651785718750001 0.5729166671875 0.6668320109375
0 0.5535714281249999 0.6602182546875001 0.5553075390625 0.658895503125 0.5558035718750001 0.6539351859375 0.5536954359374999 0.6521164015625 0.5497271828125 0.653439153125 0.5488591265625 0.659226190625 0.5535714281249999 0.6602182546875001
0 0.5612599203124999 0.6926256609375 0.564608134375 0.6924603171875 0.56572420625 0.690972221875 0.5648561515625 0.6851851859375 0.5607638890625 0.6860119046875 0.559523809375 0.690310846875 0.5612599203124999 0.6926256609375
0 0.6009424609375 0.6853505296875 0.602306546875 0.6875 0.6044146828125 0.68799603125 0.606398809375 0.6856812171875 0.606398809375 0.6836970906250001 0.6055307546875001 0.68121693125 0.6030505953125 0.6805555562500001 0.6014384921875 0.6820436515625 0.6009424609375 0.6853505296875
0 0.6135912703125 0.6734457671875 0.6117311515625 0.66898148125 0.609375 0.671792328125 0.60887896875 0.67476851875 0.612103175 0.6767526453125 0.6135912703125 0.6734457671875
0 0.6160714281249999 0.6522817453124999 0.6117311515625 0.6521164015625 0.6106150796875001 0.653604496875 0.6111111109375 0.658895503125 0.6160714281249999 0.659887565625 0.6160714281249999 0.6522817453124999
0 0.6200396828125 0.681382275 0.622023809375 0.6797288359375 0.622023809375 0.67443783125 0.6191716265625 0.671957671875 0.6168154765625 0.67443783125 0.6168154765625 0.6797288359375 0.6200396828125 0.681382275
0 0.6450892859375 0.6010251328125 0.6450892859375 0.606646825 0.6483134921875 0.6076388890625 0.6524057546875001 0.60681216875 0.653769840625 0.6046626984375 0.6542658734375 0.6010251328125 0.65166170625 0.597222221875 0.6471974203124999 0.5975529093749999 0.6450892859375 0.6010251328125
0 0.6473214281249999 0.591104496875 0.6485615078125 0.5864748671875 0.6480654765625 0.584490740625 0.6471974203124999 0.5833333328125 0.6434771828125 0.583994709375 0.643105159375 0.590773809375 0.6473214281249999 0.591104496875
0 0.658730159375 0.6056547625 0.6629464281249999 0.6073082015625 0.6644345234375 0.60598545 0.6649305562500001 0.6013558203125 0.6630704359374999 0.5992063484375 0.6588541671875 0.599867725 0.6579861109375 0.6013558203125 0.658730159375 0.6056547625
0 0.6912202375 0.4922288359375 0.6946924609375 0.49421296249999996 0.6976686515625 0.4918981484375 0.6979166671875 0.48660714218749995 0.6938244046875 0.48115079375 0.6912202375 0.4829695765625 0.690228175 0.48726851875 0.6912202375 0.4922288359375
0 0.7140376984375 0.4518849203125 0.7147817453124999 0.44990079375 0.7140376984375 0.4449404765625 0.7099454359374999 0.44312169375000005 0.7070932546875001 0.45023148125 0.7092013890625 0.4520502640625 0.7140376984375 0.4518849203125
0 0.5379464281249999 0.55042989375 0.5394345234375 0.5491071421875 0.540674603125 0.5438161375 0.5370783734375 0.541005290625 0.534722221875 0.544146825 0.534722221875 0.5491071421875 0.5379464281249999 0.55042989375
0 0.5564236109375 0.5677910046875 0.5580357140625 0.5679563484375 0.5598958328125 0.5671296296875 0.5612599203124999 0.5643187828125 0.5598958328125 0.5615079359374999 0.5566716265625 0.5605158734375 0.5548115078125 0.565310846875 0.5564236109375 0.5677910046875
0 0.5648561515625 0.5892857140625 0.565972221875 0.5891203703125 0.5683283734375 0.5889550265625 0.5694444437499999 0.5851521156249999 0.5685763890625 0.5820105812499999 0.5648561515625 0.58101851875 0.5634920640625001 0.5864748671875 0.5648561515625 0.5892857140625
0 0.576512896875 0.6292989421875 0.574652778125 0.6327711640625 0.5768849203124999 0.6354166671875 0.5793650796875001 0.6324404765625 0.576512896875 0.6292989421875
0 0.671875 0.5543981484375 0.67509920625 0.5577050265625 0.678075396875 0.5557209000000001 0.678075396875 0.5514219578125 0.677207340625 0.5492724875 0.673983134375 0.5486111109375 0.672123015625 0.5510912703125 0.671875 0.5543981484375
0 0.684771825 0.546130953125 0.685887896875 0.5492724875 0.68799603125 0.54943783125 0.69072420625 0.5487764546875 0.6914682546875001 0.544146825 0.6903521828125 0.541005290625 0.6863839281249999 0.5396825390625 0.684771825 0.5421626984375 0.684771825 0.546130953125
0 0.7108134921875 0.5295965609375 0.7121775796875001 0.5324074078125001 0.7142857140625 0.5329034390625 0.716269840625 0.5309193125 0.7165178578125 0.527943121875 0.7154017859375 0.5261243390625 0.7129216265625 0.5254629625 0.7110615078125 0.5269510578125 0.7108134921875 0.5295965609375
0 0.7280505953125 0.5674603171875 0.7294146828125 0.5646494703125 0.7255704359374999 0.5608465609375 0.7232142859375 0.565310846875 0.7259424609375 0.5682870375 0.7280505953125 0.5674603171875
0 0.6755952375 0.67509920625 0.6788194437499999 0.6770833328125 0.68154761875 0.67476851875 0.681299603125 0.672453703125 0.679935515625 0.6706349203124999 0.676959325 0.6703042328125 0.6755952375 0.672123015625 0.6755952375 0.67509920625
0 0.688244046875 0.67542989375 0.69072420625 0.67443783125 0.690476190625 0.672123015625 0.6876240078125 0.66931216875 0.6861359125 0.66931216875 0.6855158734375 0.67476851875 0.688244046875 0.67542989375
0 0.7411954359374999 0.7205687828125 0.7455357140625 0.7207341265625 0.749255953125 0.7167658734375 0.74950396875 0.7111441796875 0.745163690625 0.7070105812499999 0.7420634921875 0.708829365625 0.7398313484375 0.7170965609375 0.7411954359374999 0.7205687828125
0 0.7332589281249999 0.42129629687500003 0.729290675 0.4209656078125 0.72705853125 0.42261904687499996 0.7224702375 0.42906746093750003 0.7227182546875001 0.435019840625 0.729538690625 0.44312169375000005 0.7372271828125 0.4451058203125 0.7413194437499999 0.45717592656250006 0.7436755953125 0.4609788359375 0.7488839281249999 0.4639550265625 0.7537202375 0.4637896828125 0.7554563484375 0.459821428125 0.7539682546875001 0.4548611109375 0.7542162703125 0.44923941875000006 0.75322420625 0.4452711640625 0.7402033734375 0.4328703703125 0.7332589281249999 0.42129629687500003
0 0.5897817453124999 0.48098545000000004 0.5897817453124999 0.47602513281250003 0.5849454359374999 0.47585978906250004 0.5850694437499999 0.48065476250000005 0.5885416671875 0.481646825 0.5897817453124999 0.48098545000000004
0 0.5982142859375 0.481646825 0.5968501984375 0.47883597812499995 0.5923859125 0.478174603125 0.590773809375 0.48065476250000005 0.596478175 0.48495370312499997 0.5982142859375 0.481646825