0 0.609424971875 0.6322308296875 0.615202090625 0.6333614484375001 0.6208699890625 0.6318372125 0.6232781046875 0.6261684390625 0.6234684796875001 0.6225358562500001 0.6220116578125 0.6171612421875 0.6180548046875 0.6144703093749999 0.611546003125 0.6154537640625 0.6053189046874999 0.62290924375 0.6052896734375001 0.628205978125 0.6065740078124999 0.6297634249999999 0.609424971875 0.6322308296875
0 0.6035325421875 0.562216703125 0.604799571875 0.564104384375 0.609372925 0.5645096359374999 0.6127425109375 0.5641895140625001 0.6144648984375001 0.5621273609374999 0.6148802640625 0.5542017296874999 0.613204415625 0.550636915625 0.611027253125 0.5495293890624999 0.6066383125 0.5479748078125 0.6031362359375 0.5484535562499999 0.6022087953125 0.5495639453125001 0.6021622546875001 0.555190915625 0.6035325421875 0.562216703125
0 0.5731895453125 0.558308503125 0.5700968703125 0.55334486875 0.5658690703125 0.553454440625 0.5630521374999999 0.5574460828125 0.5632705796875 0.562755796875 0.56572406875 0.5656990828125 0.5697674562499999 0.566738840625 0.5731603125 0.5636052375 0.5731895453125 0.558308503125
0 0.6261610921874999 0.519029634375 0.6269160484375 0.514102075 0.62332801875 0.5091124812500001 0.6193652046875 0.5089047984375 0.615770628125 0.51351796875 0.6152633484375001 0.5184585078125 0.6193180796875 0.5216512828125001 0.622935340625 0.52134414375 0.6261610921874999 0.519029634375
0 0.5810183390625 0.47527109687499997 0.5793078781250001 0.4723667515625 0.5736805578124999 0.4707472703125 0.5701725171875001 0.47370926718749995 0.570436915625 0.4805115265625 0.5738005390625001 0.48267465625000006 0.5778958453125 0.4827237109375 0.5810064109375 0.480237596875 0.5810183390625 0.47527109687499997
0 0.5562149609375 0.48887258125 0.5545910328125 0.4843170625 0.549937109375 0.48307973593750003 0.5479497390625 0.48545914375 0.5474770734375001 0.4897392140625 0.5486402625 0.493608303125 0.5512149 0.49423994843749997 0.5535764750000001 0.494198140625 0.5562149609375 0.48887258125
0 0.4088449640625 0.5854588671875 0.4112238453125 0.5850868250000001 0.41268125156249996 0.583341925 0.41311930312499995 0.579722325 0.40777485625 0.5703358390625 0.40559769375 0.5692283140625001 0.4023259859375 0.5700502765625 0.40136931249999996 0.5764574015624999 0.40188735 0.5807893921875 0.404801578125 0.5844191078125001 0.4088449640625 0.5854588671875
0 0.39654815625 0.507327271875 0.395367659375 0.5037884171875 0.3915086859375 0.501599328125 0.388467346875 0.5027645046875 0.386358828125 0.5074555562499999 0.3873029890625 0.5131344437500001 0.39132310625 0.5169876875 0.39538976406250004 0.5152139625000001 0.39654815625 0.507327271875
0 0.47169172656249997 0.44305020156249997 0.47223361875 0.4374491921875 0.470258175 0.4348621 0.4662607453125 0.43531488749999997 0.46452105 0.437707275 0.46401377187500004 0.442647815625 0.46608709375 0.4457367484375 0.46970435625 0.4454296078125 0.47169172656249997 0.44305020156249997
0 0.45949409062499996 0.4198933171875 0.45824436874999996 0.4176754015625 0.45530687031249995 0.41685916875 0.45333680468750004 0.41890834374999997 0.4527029984375 0.42152425937500004 0.45391810781249997 0.42440264531249994 0.455484734375 0.42531260312499997 0.45903873125 0.423843153125 0.45949409062499996 0.4198933171875
0 0.46737881562499994 0.5679957140624999 0.46619832031249997 0.5644568578125 0.46352580468750004 0.5633233734374999 0.46157304843749997 0.5650423124999999 0.46065695 0.56830571875 0.46277623125 0.5728871984375 0.46439477812499996 0.5728064515625 0.4664454125 0.5715893546874999 0.46737881562499994 0.5679957140624999
0 0.558634090625 0.6299001343749999 0.554124003125 0.6306571953125 0.552245853125 0.6356914609375 0.5530634890624999 0.6390457281249999 0.5577174109375 0.6402830546875 0.5611621875 0.636158746875 0.5609091312500001 0.6315095015625001 0.558634090625 0.6299001343749999
0 0.6980749546875 0.5756155734374999 0.699475059375 0.5702251125 0.6953397578125 0.5662002625 0.690633915625 0.5659536390625 0.686002678125 0.5690223421875 0.6855759703125 0.5747949593749999 0.69108214375 0.5787260828125 0.693956378125 0.578380003125 0.6980749546875 0.5756155734374999
0 0.6443052859375 0.5140199812499999 0.6429290359375 0.5094774421875 0.639052753125 0.5076185875 0.6360919843749999 0.5096158421875 0.6345074687500001 0.5161556328125 0.635918334375 0.5200377015625001 0.6389710156249999 0.521025540625 0.6428419171875001 0.51824813125 0.6443052859375 0.5140199812499999
0 0.633088559375 0.6806586703125 0.6301916390625 0.676698721875 0.6265111140624999 0.6758435484375 0.62289923125 0.6807869531249999 0.622605015625 0.6864009421875 0.6257496125 0.690373871875 0.6298276109375001 0.6907531640625 0.632477440625 0.6875806171875001 0.633088559375 0.6806586703125
0 0.5433321796875 0.462202803125 0.5417190140625 0.46691981406250005 0.5421105234375 0.46892718437500003 0.5433775546875 0.47081486406249995 0.5469602015625 0.47116819374999996 0.549592725 0.468325884375 0.5488616234375 0.46332044375 0.5433321796875 0.462202803125
0 0.5174722453125 0.36564431875 0.5132850234374999 0.362610171875 0.5092529796874999 0.363723428125 0.5082217 0.3668152265625 0.509056640625 0.369839259375 0.5112451484375 0.3730997984375 0.5130767578125 0.3736925015625 0.51666536875 0.37156258124999997 0.5174722453125 0.36564431875
0 0.6608285984375 0.5375691359375 0.6566354125 0.5370182375 0.6530408375000001 0.5416314078125 0.65179053125 0.5465330078124999 0.6571355609375 0.548799978125 0.6624232906249999 0.5474213875 0.662965184375 0.541820378125 0.6608285984375 0.5375691359375
0 0.3426817765625 0.4309908078125 0.3435632609375 0.42838787187499994 0.34337943125 0.42241768906250005 0.341490521875 0.41817942343750003 0.3375450125 0.41764150781250003 0.3360356875 0.4203771109375 0.336611025 0.4283546625 0.3378434421875 0.4309028125 0.340896125 0.43189065156249995 0.3426817765625 0.4309908078125
0 0.3561596640625 0.5055417421875 0.3562581265625 0.49892407031249997 0.354778034375 0.4963629390625 0.3515582453125 0.49619419843749996 0.34875861874999997 0.499855603125 0.3474963859375 0.5097237015625 0.349195503125 0.5104750328125001 0.35385539062500004 0.509229109375 0.3561596640625 0.5055417421875
0 0.36176734375 0.53596951875 0.359221940625 0.5300411406250001 0.3557198625 0.5305198875 0.3528337015625 0.53583246875 0.35317329062499997 0.538830540625 0.35463607656249996 0.54172190625 0.3589444453125 0.542444409375 0.36076471250000003 0.5408840984375 0.36176734375 0.53596951875
0 0.3843763796875 0.5903026437500001 0.3834543203125 0.5960492984375 0.38407619843749996 0.59839988125 0.3867600578125 0.6016863828125001 0.391103040625 0.6017484171875 0.3924052671875 0.5958561140625 0.3876480875 0.58948068125 0.3843763796875 0.5903026437500001
0 0.36573625 0.60240585 0.36379541875 0.5991582890625 0.360806 0.5993327625 0.35934859375 0.6010776609375 0.3590197640625 0.6073521203125 0.3599871984375 0.610217525 0.3627748984375 0.61152261875 0.3658108578125 0.6057211765625 0.36573625 0.60240585
0 0.389297875 0.700168453125 0.3935716296875 0.7015514265625 0.395985125 0.7005189171875 0.3974771453125 0.6981135484375 0.3981109515625 0.6954976312500001 0.3971667890625 0.6898187421875 0.3940394984375 0.6855155765625 0.390111296875 0.684647425 0.387582615625 0.6855083265624999 0.3852783421875 0.6891956953125 0.3861878921875 0.695535053125 0.389297875 0.700168453125
0 0.4115146890625 0.690901825 0.40980422812499995 0.6879974796874999 0.4058414109375 0.687789796875 0.4040671015625 0.6908426546875 0.40396864062500004 0.6974603265625 0.40523567031249996 0.699348009375 0.4095786546875 0.69941004375 0.4119635 0.6965547546875 0.4115146890625 0.690901825
0 0.4333994984375 0.58608343125 0.43429828906249995 0.583150259375 0.4335152671875 0.579135525 0.4313094546875 0.57620521875 0.42755970000000004 0.576670984375 0.424673540625 0.5819835656250001 0.42524349843750003 0.5853248515625 0.4267582046875 0.5872255125 0.4315965390625 0.587313509375 0.4333994984375 0.58608343125
0 0.4187997109375 0.5661120734375 0.4187704765625 0.5714088078125 0.41993962968750004 0.572794646875 0.42423665625 0.5713641359375 0.424761240625 0.5660933625 0.42395495 0.5648921109375 0.4187997109375 0.5661120734375
0 0.41276415625 0.55569594375 0.41127213749999997 0.5581013125000001 0.4110644546875 0.5620641281250001 0.41210111562499996 0.5636085953125 0.41371966406249994 0.563527846875 0.416300265625 0.561676240625 0.41647929531249994 0.555890646875 0.41276415625 0.55569594375
0 0.45095805 0.4879922828125 0.45117649374999996 0.493301996875 0.45535237031250003 0.4941831296875 0.457080721875 0.48963772656250004 0.4562977015625 0.4856229890625 0.451972025 0.48523071875 0.45095805 0.4879922828125
0 0.47587064999999995 0.47704565624999995 0.4743732515625 0.47481476093749997 0.471418446875 0.47432876406249996 0.46842306406249995 0.4769864859375 0.46795039843749997 0.48126655625000003 0.46875669062499997 0.482467809375 0.4718439859375 0.48279517812500006 0.47571488906250003 0.48001776874999996 0.47587064999999995 0.47704565624999995
0 0.49904776718750005 0.48736671249999997 0.4960583484375 0.4875411859375 0.49483131093750005 0.4896293015625 0.49490592031249997 0.4929446265625 0.4985172171875 0.4951207375 0.5003374843749999 0.49356042499999997 0.5003147968749999 0.48925439375 0.49904776718750005 0.48736671249999997
0 0.4892529953125 0.5226166890624999 0.4852555640625 0.523069475 0.483659703125 0.5274562515625 0.48431619843749996 0.5291463656250001 0.48873975156249994 0.530040478125 0.4918330125 0.527884596875 0.49152803437500003 0.5242260562500001 0.4892529953125 0.5226166890624999
0 0.48870397031249996 0.5449399765625 0.48789767968750003 0.543738725 0.4841652328125 0.5438742578125 0.48209132656250003 0.5479048390625 0.4824828375 0.5499122062499999 0.4837498671875 0.5517998890625 0.4875975 0.5518359640625 0.4895043 0.548624478125 0.48870397031249996 0.5449399765625
0 0.4620241921875 0.5422171812500001 0.4618057515625 0.5369074687500001 0.460803703125 0.53470253125 0.45684088906250003 0.5344948484375001 0.454853515625 0.5368742578125001 0.4538508859375 0.5417888375000001 0.456949525 0.544269221875 0.4605494796875 0.5442923171875 0.4620241921875 0.5422171812500001
0 0.51421446875 0.47756503281249996 0.51252669375 0.47896671875 0.511823659375 0.4829035734375 0.513303753125 0.485464703125 0.5161433734374999 0.4857790921875 0.5186893593749999 0.48458795625000006 0.5189835765625 0.4789739671875 0.51421446875 0.47756503281249996
0 0.49306050468749996 0.44996506875 0.48955842812499994 0.4504438171875 0.4885098390625 0.45386585 0.48907979843750005 0.4572071359375 0.49272571093749995 0.45872277656250005 0.49516247656249995 0.45487678281250005 0.4945752109375 0.45186572968750005 0.49306050468749996 0.44996506875
0 0.532839753125 0.5060259 0.53081776875 0.509065778125 0.5310362109375 0.5143754921875 0.5325336093749999 0.5166063890625 0.5366289171874999 0.5166554421875 0.5390083828125001 0.5091638890625 0.5370675515625 0.505916328125 0.532839753125 0.5060259
0 0.3973925625 0.465150965625 0.3980830875 0.4733001234375 0.40195936874999993 0.4751589796875 0.40386616875000003 0.47194749375 0.4033654359375 0.46728526875 0.4018680375 0.4650543734375 0.3973925625 0.465150965625
0 0.38750108125 0.4856600703125 0.38847985625 0.490678490625 0.392442671875 0.490886171875 0.394171025 0.48634076875 0.3933533890625 0.4829865015625 0.3890796328125 0.48160352656249994 0.38750108125 0.4856600703125
0 0.381747815625 0.47459645000000006 0.3813384140625 0.48003883125 0.3855142921875 0.4809199640625 0.386291934375 0.480298434375 0.38630386250000004 0.47533193437500004 0.38549756875 0.47413068281250004 0.381747815625 0.47459645000000006
0 0.3900716328125 0.5361283171875 0.38890844375 0.5322592265625 0.3859882515625 0.5311127625000001 0.3832924671875 0.5327927609375 0.38301555781249996 0.538076515625 0.3845302640625 0.5399771765625 0.38712220625 0.5402785859375 0.3902154671875 0.5381227046875 0.3900716328125 0.5361283171875
0 0.40489278124999994 0.525811815625 0.40271561875 0.524704290625 0.40016366718749996 0.5283786765625 0.3996563875 0.5333192171875 0.40259388593749995 0.5341354468749999 0.40471374843749996 0.5315974109375 0.405647153125 0.5280037703125 0.40489278124999994 0.525811815625
0 0.4205344828125 0.48325200625000003 0.4177175484375 0.4872436484375 0.42051659218750004 0.49070175625 0.42216975312500005 0.48996053906250003 0.4234314046875 0.48721195625 0.42221629375 0.484333571875 0.4205344828125 0.48325200625000003
0 0.427081528125 0.5076028906250001 0.4287579609375 0.5040481921875 0.42773860625 0.5021734906249999 0.42332639531250005 0.50343239375 0.424276521875 0.506628034375 0.427081528125 0.5076028906250001
0 0.429618634375 0.5444925796875 0.43145620781250005 0.5426020328125001 0.431957521875 0.5401447421875 0.42835756875 0.5401216468750001 0.42866254374999996 0.5437801890625 0.429618634375 0.5444925796875
0 0.4335020453125 0.5296291546874999 0.432332309375 0.53536283125 0.4339968140625 0.5367746296875 0.4359149578125 0.535716159375 0.43611667656249997 0.53423659375 0.43558133125 0.5302348375 0.4335020453125 0.5296291546874999
0 0.4549598203125 0.575126690625 0.4522180765625 0.57531414375 0.4512733296875 0.57675476875 0.45154369375 0.581073778125 0.454694253125 0.582563459375 0.45651452031249995 0.581003146875 0.4571483265625 0.57838723125 0.4549598203125 0.575126690625
0 0.4455523453125 0.5935087390625 0.4442560828125 0.5969177921875 0.444595671875 0.5999158640625 0.446358053125 0.60182950625 0.449693025 0.6021698546875001 0.4513175359375 0.5996058578125 0.450764884375 0.5959343375 0.4455523453125 0.5935087390625
0 0.43379522187499997 0.6069660953125 0.43344370468750004 0.608934521875 0.43755035624999994 0.6111365921874999 0.438714128125 0.6078861671875 0.4379138 0.604201665625 0.4370555875 0.60399111875 0.43379522187499997 0.6069660953125
0 0.42613995468750004 0.610869740625 0.42533366250000004 0.6096684890625 0.421388153125 0.6091305703125001 0.4198269078125 0.6128568796875 0.4204487875 0.6152074609375 0.4212550796875 0.6164087140625 0.425333078125 0.616788003125 0.42644493125 0.6145282828124999 0.42613995468750004 0.610869740625
0 0.49278443281250006 0.58555310625 0.4925075234375 0.590836859375 0.49670070781250003 0.5913877578125 0.4977260265625 0.5907792078125 0.4978071796875 0.5844917703125 0.4937118734375 0.584442715625 0.49278443281250006 0.58555310625
0 0.5124714 0.591386409375 0.510253659375 0.593422603125 0.5093202546875 0.5970162453125 0.5108176546875 0.599247140625 0.512896940625 0.5998528234375 0.5152990921875 0.5966672984375 0.5140380265625 0.59229636875 0.5124714 0.591386409375
0 0.519838415625 0.5906135031249999 0.5192046078125 0.5932294203125 0.5207825781250001 0.59629239375 0.5246707859375 0.5931847484375 0.5243944609375 0.5913489890625 0.5215088828125001 0.589542053125 0.519838415625 0.5906135031249999
0 0.4739217765625 0.642183203125 0.4738925421875 0.6474799375 0.475343984375 0.6482182875 0.47911104531250004 0.6474222859375 0.4785124359375 0.64225821875 0.47509689218749995 0.6410857921875001 0.4739217765625 0.642183203125
0 0.48905386406250007 0.6330419921875 0.4911677640625 0.6329872062499999 0.491219684375 0.631996503125 0.4862142453125 0.632727603125 0.48426148593749996 0.6344465421875001 0.48405380468750003 0.638409359375 0.48718705937499995 0.6402292734375 0.48881156875 0.6376652765624999 0.48905386406250007 0.6330419921875
0 0.4369065 0.6660723625 0.4351960390625 0.6631680171875 0.4324542953125 0.663355471875 0.42972389843750003 0.6656959390625 0.4294123734375 0.6716401624999999 0.43140512500000006 0.67389701875 0.43472279062499997 0.6745676031250001 0.4373553125 0.6717252921875 0.4369065 0.6660723625
0 0.44848750937500004 0.6228030296875 0.44678242656249995 0.6245349484375 0.44669589218750005 0.626186121875 0.447945615625 0.6284040390625 0.4493164875 0.6283103125 0.4506067890625 0.6273845078125 0.45124059531249994 0.624768590625 0.44848750937500004 0.6228030296875
0 0.514069721875 0.6272334734375 0.5110283828125 0.6283986500000001 0.5096628921875 0.6331286421875 0.510515140625 0.6358224375 0.51469101875 0.6367035703124999 0.517553909375 0.634204475 0.5178481265625 0.6285904875 0.514069721875 0.6272334734375
0 0.5158847359375 0.6897487953125 0.5163054812500001 0.6864594281249999 0.5152861265625 0.6845847265625 0.5118705828125 0.6834123015625 0.5088925078125001 0.6857397890625 0.5099691625 0.6912600515625 0.5137994859374999 0.6916263609375 0.5151703578125 0.691532634375 0.5158847359375 0.6897487953125
0 0.5033486765624999 0.649354809375 0.5025423859375 0.6481535578125001 0.4982972796875 0.6485933640625 0.4969664015625 0.6526628875 0.49734060468749997 0.6550004890625 0.49887261875 0.6565709156249999 0.501959915625 0.6568982859375 0.503584425 0.654334290625 0.5033486765624999 0.649354809375
0 0.475864484375 0.6927841171875 0.4734163765625 0.694477096875 0.4734563703125 0.6984528921875001 0.47399767812500004 0.6999713984375 0.47634194687500003 0.700259828125 0.477632246875 0.6993340234375001 0.47836989531249996 0.6947367 0.475864484375 0.6927841171875
0 0.486962196875 0.7132342234375 0.4834774265625 0.7133827359375 0.482498065625 0.7154838296875 0.482785734375 0.71947260625 0.4866966296875 0.7206709906250001 0.48839036875 0.7167860578125 0.4879988578125 0.714778690625 0.486962196875 0.7132342234375
0 0.4862826328125 0.5011023828125001 0.48511944375000005 0.49723329375 0.48120855 0.49603490624999996 0.47975114375 0.49777980624999996 0.4795088484375 0.502403090625 0.48072395781250005 0.5052814765625 0.482290584375 0.506191434375 0.4851015546875 0.5046830421874999 0.4862826328125 0.5011023828125001
0 0.4676311609375 0.511052575 0.469554684375 0.51463036875 0.47117323125 0.514549621875 0.4732411734375 0.513002290625 0.47347750624999996 0.51086225625 0.4693189359375 0.5096508890625 0.4676311609375 0.511052575
0 0.515426078125 0.5231605078125 0.515270315625 0.52613261875 0.516600609375 0.5291826125 0.5204368968749999 0.527065671875 0.5205120875 0.5232614828125 0.5166185 0.5217328625000001 0.515426078125 0.5231605078125
0 0.5150560859375 0.5396982 0.5144342046875 0.537347615625 0.511946103125 0.5350648 0.5104254328125 0.5356473875 0.5083688343749999 0.5393477359375 0.5099927625 0.5439032546875 0.5123370296875 0.5441916828125 0.5138750062499999 0.543278859375 0.5150560859375 0.5396982
0 0.5076252218749999 0.546428309375 0.5048488671875 0.5472762328125 0.5036391375 0.5490341125 0.504013340625 0.551371715625 0.5073942703125 0.5532046109375 0.5090360875 0.5503103796875 0.508679190625 0.5476425421875 0.5076252218749999 0.546428309375
0 0.490165334375 0.42464657343749995 0.4862371328125 0.4237784234375 0.4838636296875 0.42878672812499996 0.48507873906250004 0.43166511406249997 0.4871580265625 0.432270796875 0.48953690781250003 0.43189875625 0.49134582968749996 0.42818542812500004 0.490165334375 0.42464657343749995
0 0.494420615625 0.44059881250000005 0.4987176421875 0.43916830156250003 0.498136340625 0.433674 0.4935283734375 0.43392921875 0.4925084359375 0.43917403281249995 0.494420615625 0.44059881250000005
0 0.4656579234375 0.41127552500000003 0.46647555937499996 0.4146297921875 0.4713771578125 0.41588009843749996 0.47227594687499996 0.4129469265625 0.471792521875 0.40795446718750006 0.46744953906250003 0.4078924328125 0.4656579234375 0.41127552500000003
0 0.45984677500000004 0.403685859375 0.4589306796875 0.40694926562499995 0.4596963921875 0.41129423750000005 0.4642410953125 0.40987670625000006 0.46543948124999995 0.40596581093750006 0.464011309375 0.4024139765625 0.45984677500000004 0.403685859375
0 0.47422695312499996 0.43258653281250004 0.475655125 0.4361383671875 0.47793016718750003 0.437747734375 0.4785699375 0.43264856875 0.47422695312499996 0.43258653281250004
0 0.5532566531249999 0.5311036734375 0.5518284812500001 0.5275518390625 0.547652603125 0.52667070625 0.544639915625 0.5296586640625 0.544432234375 0.53362148125 0.5454515859375 0.53549618125 0.548786559375 0.53583653125 0.550917765625 0.5354515109375 0.5532566531249999 0.5311036734375
0 0.5675363671875 0.45055676718750004 0.5637693046875001 0.45135276874999997 0.562824559375 0.4527933953125 0.56302569375 0.4584333421875 0.5674146343750001 0.4599879234375 0.5692349 0.45842761249999997 0.5697594859375 0.4531568390625 0.5675363671875 0.45055676718750004
0 0.55304041875 0.4286040015625 0.549290665625 0.42906976874999997 0.547815953125 0.43114490156249996 0.5483512984375001 0.43514665937499997 0.5529706078125 0.43704445468750003 0.5542955218750001 0.43545818281250004 0.55498125 0.4318515625 0.55304041875 0.4286040015625
0 0.5746645874999999 0.41169005625 0.5760408375 0.4162325953125 0.5783851062500001 0.4165210234375 0.5802399859375 0.4143002421875 0.5797852109375 0.4111305625 0.577360371875 0.4100100578125 0.5746645874999999 0.41169005625
0 0.5652529000000001 0.4111968109375 0.5642156546875 0.416771859375 0.5656151765625 0.4185009125 0.5689847625 0.41818079218750004 0.5704248609375 0.4167661265625 0.569860865625 0.4109415921875 0.5652529000000001 0.4111968109375
0 0.5996590515625 0.45604837500000006 0.5966582890625001 0.45406983125 0.5934038875 0.454561559375 0.592073009375 0.45863108124999996 0.5926429703125 0.46197236875 0.5941576765625001 0.46387303125 0.59775763125 0.46389612500000005 0.600390153125 0.461053815625 0.5996590515625 0.45604837500000006
0 0.5925880046875001 0.42984874843750004 0.59564665 0.42835333750000004 0.5952437953125 0.42419295312500005 0.5913788578125 0.42448711406250006 0.590428146875 0.42841098750000006 0.5925880046875001 0.42984874843750004
0 0.6235015453125 0.42997872031249995 0.620863059375 0.43530428125 0.6242439875 0.43713717656249995 0.6263925015625 0.4364219203125 0.6271241859375001 0.434307846875 0.6256787078125 0.43108624687499997 0.6235015453125 0.42997872031249995
0 0.6176706265624999 0.38248545 0.616190534375 0.37992431875 0.6135007109374999 0.37912106875 0.610954725 0.38031220625 0.60971038125 0.3827305546875 0.6115646781249999 0.3876292875 0.6143350703125 0.38926461562500003 0.617146040625 0.3877562234375 0.6176706265624999 0.38248545
0 0.6251707171875001 0.37443440156249996 0.6229935531249999 0.3733268765625 0.6194335921875 0.377279578125 0.6200035515625 0.3806208640625 0.6223764703125 0.38273207343750004 0.6248072734375001 0.381369328125 0.6263512140625 0.37797325625 0.6251707171875001 0.37443440156249996
0 0.60450626875 0.4180555453125 0.602345828125 0.4237373015625 0.6054963890625 0.4252269828125 0.6101389687500001 0.42431129375000004 0.6115390734374999 0.41892083125 0.6092640328125001 0.4173114640625 0.60450626875 0.4180555453125
0 0.604286075 0.434104375 0.605040446875 0.43629633281249997 0.6075631640625 0.4379186796875 0.6104893171875 0.4365818953125 0.6117163546875 0.43449377968749997 0.6089459609375 0.432858453125 0.604286075 0.434104375
0 0.6254161859375 0.47163734062499996 0.627657196875 0.4667876609375 0.6258775078125 0.46520425468750004 0.6225884921875 0.46635645 0.6230259609375 0.469856365625 0.6254161859375 0.47163734062499996
0 0.6045123593749999 0.48428419375000004 0.6033026296874999 0.486042075 0.6038898953125 0.489053128125 0.6046961890625 0.49025437812500006 0.6073054390625 0.490225553125 0.608843415625 0.48931273124999997 0.609016484375 0.48601038281250003 0.6045123593749999 0.48428419375000004
0 0.5899830921875 0.5174647671875 0.5886981718750001 0.5230268359375 0.5912841531249999 0.52581149375 0.5964453546875 0.52210828125 0.598058521875 0.5173912703125 0.5931396171875 0.516471196875 0.5899830921875 0.5174647671875
0 0.6327761984375 0.5562986125 0.6368368906249999 0.5570081359375 0.6407250999999999 0.5539004921874999 0.640967396875 0.5492772078125 0.6361409874999999 0.5442227125 0.6334804 0.5381227265625 0.631464378125 0.538679353125 0.6304850171874999 0.54078045 0.6319937609374999 0.545164359375 0.631169578125 0.5514128578124999 0.6317568437500001 0.554423909375 0.6327761984375 0.5562986125
0 0.57800098125 0.5352151734375 0.5743204562499999 0.5343600015625001 0.57008669375 0.5369528234375001 0.570287828125 0.5425927734375 0.574394478125 0.5447948421875 0.5784611359375 0.5430211171875 0.5792680109375 0.5371028546875001 0.57800098125 0.5352151734375
0 0.5643751734375 0.5085064546875 0.5634250468750001 0.505310815625 0.5605394703125001 0.50350388125 0.5575787015625 0.505501134375 0.5565760703125 0.5104157140625001 0.5580215500000001 0.5136373140625 0.5605961859375 0.51426895625 0.5636721390625 0.5124433109375001 0.5643751734375 0.5085064546875
0 0.5798517765625 0.5828309953125 0.5795294921874999 0.5795026890625 0.57635028125 0.576190228125 0.571569246875 0.57974779375 0.5698235875 0.5846234328125 0.571873640625 0.5905258484375 0.5761993171875 0.5909181203125 0.5785495484375 0.5887232984375 0.5798517765625 0.5828309953125
0 0.5854152484374999 0.59040768125 0.5851383390625 0.595691434375 0.5880412234375 0.5971681359375001 0.5908348859375 0.595989978125 0.5910944875 0.5910364593749999 0.5871030234375 0.589005996875 0.5854152484374999 0.59040768125
0 0.6926652375 0.4490015234375 0.6905113453125 0.44508051406250004 0.6856443609375 0.4431697359375 0.6836396828125 0.44587937968749997 0.682953953125 0.4494860015625 0.685764340625 0.455097125 0.6890473921875 0.45642817812500003 0.6913803171875 0.45456359218750003 0.6926652375 0.4490015234375
0 0.6983927703125 0.4226447875 0.7006624312499999 0.419617890625 0.7008933828125 0.412841590625 0.6951968359375 0.41254304687500004 0.6914584265625 0.415161828125 0.6905596359375 0.418095 0.691377271875 0.421449265625 0.6933700234375 0.4237061234375 0.6952189390625 0.4239685921875 0.6983927703125 0.4226447875
0 0.6471638375000001 0.4239336921875 0.6446984203125 0.42595690625 0.6471978671875 0.4303927390625 0.649899615625 0.4262294890625 0.6471638375000001 0.4239336921875
0 0.6665392796875 0.43571122031250004 0.667720359375 0.432130559375 0.6667183109375 0.429925625 0.661758828125 0.4321492703125 0.6624785875 0.43500169531250005 0.6665392796875 0.43571122031250004
0 0.638348425 0.45708257343750003 0.6391379921875 0.4514945453125 0.6383317015625 0.45029329375 0.6344148421875 0.4515781578125 0.6364822015625 0.457150340625 0.638348425 0.45708257343750003
0 0.656975459375 0.464184896875 0.6532603203125 0.46399019375000006 0.6514860109375 0.46704305156250003 0.65177368125 0.47103182656250003 0.6531385890625 0.4734213515625 0.6565600953125 0.47211052656249997 0.658069421875 0.4693749234375 0.656975459375 0.464184896875
0 0.6334166796875 0.6127918296875 0.6315277703125 0.6085535640625 0.6295636671875 0.6081194890625 0.6281062640624999 0.6098643890625 0.627420534375 0.613471009375 0.629165609375 0.6157148859375 0.63053648125 0.6156211593750001 0.6332149609375 0.6142713953125 0.6334166796875 0.6127918296875
0 0.6144929671875 0.57106965625 0.6157599953124999 0.5729573375 0.6171308671875 0.5728636109374999 0.618985746875 0.5706428296875 0.6179723578125 0.5662848781250001 0.616158053125 0.565361940625 0.6144929671875 0.57106965625
0 0.6282189859375 0.56980215625 0.6296477406250001 0.5662344765625 0.6283980171875 0.5640165609375 0.624463853125 0.5656316593749999 0.6249013203125 0.5691315718750001 0.6282189859375 0.56980215625
0 0.623731584375 0.5748652484375001 0.6236217796875 0.57932990625 0.6276997796875 0.5797091953125 0.6303149953125 0.5771971203125 0.6297390703125 0.5763390828125 0.6278441984375001 0.5745840671875 0.623731584375 0.5748652484375001
0 0.6354594734375001 0.5667046265625 0.6338289984375 0.571751871875 0.6390128875000001 0.572354690625 0.637803740625 0.5669930546875 0.6354594734375001 0.5667046265625
0 0.64801575625 0.571170803125 0.6518866578125 0.56839339375 0.6523306718749999 0.56229054375 0.646253959375 0.562137646875 0.6449690375 0.5676997140625 0.64801575625 0.571170803125
0 0.6594840421875 0.5679637015625 0.658826965625 0.573393103125 0.6632678265624999 0.5739569796875 0.663827025 0.5680257359375 0.6594840421875 0.5679637015625
0 0.6708163359375 0.607632315625 0.6690826046875 0.6075414546875 0.666087221875 0.610199178125 0.666605259375 0.6145311687499999 0.6695254515625 0.615677634375 0.6732352109375 0.6112360703124999 0.6730913765625 0.6092416828125 0.6708163359375 0.607632315625
0 0.65328034375 0.6413175953125 0.6521171546875 0.6374485078125 0.6479585828125 0.636237140625 0.6459885187500001 0.6382863140625 0.64514165 0.6402287828125 0.6455158546875001 0.642566384375 0.64813645 0.644690575 0.65180563125 0.64339273125 0.65328034375 0.6413175953125
0 0.6440156640625 0.7446449625 0.6502535203125 0.7464620109375 0.6534446578125 0.744807971875 0.6570392328125 0.7401948015625 0.6582030062500001 0.7369443765625 0.6575351687500001 0.7331012484375 0.6533592921875 0.732220115625 0.6498399078125 0.7330290984375 0.6452778984374999 0.7347768625 0.643290528125 0.737156271875 0.6423398171875 0.741080146875 0.6440156640625 0.7446449625
0 0.6807838484375 0.7136233062499999 0.6770573640625 0.7112755890625 0.67378565625 0.7120975515625 0.6724720843750001 0.7158368390625001 0.673537396875 0.7192040859375 0.675069409375 0.7207745125 0.6793777796875 0.7214970171874999 0.681036903125 0.7182725515625 0.6807838484375 0.7136233062499999
0 0.6640986828125001 0.6268176171875 0.6600606765625 0.630414121875 0.6599395296874999 0.6327257640624999 0.660872346875 0.6362516390625 0.664437690625 0.636935203125 0.6657279890625001 0.6360094000000001 0.6662352703125001 0.6310688609375 0.6640986828125001 0.6268176171875
0 0.6838850234375 0.47437041874999997 0.682139946875 0.47212654374999996 0.680175846875 0.47169246875 0.67792349375 0.47438913125 0.6778769515625 0.4800161 0.679639334375 0.48192974062499994 0.6815055562500001 0.481861975 0.68355619375 0.480644878125 0.6838850234375 0.47437041874999997
0 0.6808330515625001 0.534974965625 0.6780853453125 0.53764566875 0.677543453125 0.5432466781249999 0.6787931765625 0.5454645921875 0.6811201375 0.54608325625 0.68322269375 0.5438754546875 0.6835342171875001 0.53793123125 0.6808330515625001 0.534974965625
0 0.67617433125 0.5219818593750001 0.6739165984375 0.5200422578125 0.6698845546875 0.5211555140625 0.6686921328125 0.522583159375 0.6679890984375 0.5265200125 0.6695038046875 0.528420675 0.6735991109375 0.5284697296875 0.6754366843749999 0.5265791828124999 0.67617433125 0.5219818593750001
0 0.5603535609375 0.663435553125 0.559713790625 0.668534721875 0.564085425 0.6704195375 0.5662052875 0.6678815 0.5651572828125 0.66418401875 0.564350990625 0.6629827671874999 0.5603535609375 0.663435553125
0 0.5416286484375 0.6558313890624999 0.5404589125 0.661565065625 0.545112834375 0.66280239375 0.54691579375 0.661572315625 0.54767075 0.65664475625 0.545660690625 0.6547181328125 0.5416286484375 0.6558313890624999
0 0.550945503125 0.68893711875 0.549482134375 0.6931652671874999 0.5510947171875 0.6955677703124999 0.554446996875 0.6955778859375 0.5556394203125 0.694150240625 0.555075425 0.6883257046875 0.550945503125 0.68893711875
0 0.59663903125 0.6890138234375 0.5959019671875 0.6864916328125 0.5934598203125 0.6857013624999999 0.5917720453124999 0.687103046875 0.591103625 0.6903794328124999 0.592353346875 0.6925973484375 0.594432634375 0.69320303125 0.5965351890624999 0.69099523125 0.59663903125 0.6890138234375
0 0.6026990234375 0.6823774390625 0.604358146875 0.6791529734374999 0.6027342203125 0.6745974546875 0.6002341890625 0.6772811375 0.5995830765625 0.6802272890625 0.6026990234375 0.6823774390625
0 0.6075444875 0.6657431546875 0.6079425453125 0.6581477578125 0.6036168703125 0.6577554875 0.602424446875 0.6591831328125 0.6026428890625 0.6644928484375 0.6075444875 0.6657431546875
0 0.6075260140625 0.6803124203124999 0.6072491046875 0.6855961734375 0.6103823578124999 0.6874160890625001 0.6124503 0.68586875625 0.612727209375 0.680585003125 0.6100087375000001 0.6779589703125 0.6075260140625 0.6803124203124999
0 0.64808148125 0.612566953125 0.6487672109375 0.6089603328125001 0.646365640625 0.6050263421875 0.6418901671875 0.605122934375 0.6396031984375 0.6084800671874999 0.6393089828125 0.61409405625 0.64247685 0.6152535015625 0.6466067703125 0.6146420874999999 0.64808148125 0.612566953125
0 0.638884609375 0.5913886125000001 0.6381583046875 0.598138953125 0.6423514875 0.5986898484375 0.6438321640625 0.5941314656250001 0.6434406546875 0.592124096875 0.6426343609375 0.5909228453125001 0.638884609375 0.5913886125000001
0 0.65765489375 0.6076048375 0.653409790625 0.60804464375 0.6524650421875 0.6094852703125 0.6529830828125001 0.6138172609375 0.6571070390625 0.615689096875 0.658662321875 0.6144460390625001 0.6593999703125 0.6098487140625 0.65765489375 0.6076048375
0 0.694545265625 0.4913206109375 0.6918494796875 0.493000609375 0.6906337875 0.497241740625 0.6913648875 0.5022471796875 0.6947285125 0.5044103093750001 0.6978217718749999 0.5022544296875 0.6983463578125 0.49698365468750005 0.694545265625 0.4913206109375
0 0.7094141234375 0.4611381109375 0.7114241812500001 0.4630647328125 0.716262515625 0.463152728125 0.7171093843749999 0.46121026093750006 0.7166259593750001 0.4562178015625 0.71263449375 0.4541873390625 0.7094141234375 0.4611381109375
0 0.5323641703125 0.5459035437499999 0.5321045671875 0.5508570625 0.5352551265625001 0.55234674375 0.5368104109375 0.5511036859375 0.5383257 0.5458848328125 0.5348815078125 0.5428896265625001 0.5323641703125 0.5459035437499999
0 0.5565946703125 0.564558346875 0.5534268046874999 0.5633989015624999 0.551318284375 0.568089953125 0.5527983765625 0.5706510828125 0.5543996171875001 0.570900571875 0.5563004546875 0.5701723359375 0.55780978125 0.5674367328125001 0.5565946703125 0.564558346875
0 0.5641903046875 0.5854872 0.5605270875 0.58430179375 0.5588793062499999 0.5896792750000001 0.560094415625 0.5925576593749999 0.561217609375 0.592450953125 0.5635791859375 0.592409146875 0.5648927546875 0.588669859375 0.5641903046875 0.5854872
0 0.5696410546874999 0.63312611875 0.5676017625 0.6364962296875001 0.5696923921875 0.6392549296875 0.5723249140625 0.63641261875 0.5696410546874999 0.63312611875
0 0.6743857609374999 0.5584792765625 0.6712005875 0.5576500640625001 0.6692132171875 0.5600294734375 0.668792471875 0.563318840625 0.671839190625 0.5667899281250001 0.6749151437500001 0.5649642828125 0.6751401328125 0.56067123125 0.6743857609374999 0.5584792765625
0 0.6888953875 0.554106996875 0.6879452609375 0.5509113578125 0.684051671875 0.5493827359375001 0.6823119765625 0.5517751265624999 0.6821042937499999 0.5557379421875 0.683054421875 0.5589335828124999 0.6851510125 0.55920903125 0.6879100625000001 0.5586913421874999 0.6888953875 0.554106996875
0 0.7147586968749999 0.5392364953125 0.71373934375 0.5373617953125 0.711297196875 0.5365715234375 0.7093617453125 0.537960228125 0.708975615625 0.540589125 0.710190725 0.5434675109375 0.712270009375 0.54407319375 0.7143552578125 0.542195628125 0.7147586968749999 0.5392364953125
0 0.722058946875 0.5800183671875 0.724207459375 0.5793031109375 0.7257167859375 0.5765675078125 0.7220768359374999 0.5725686171875 0.7194902734374999 0.5769034734375 0.722058946875 0.5800183671875
0 0.670758578125 0.67981816875 0.6678037734375 0.679332171875 0.6663463671875001 0.681077071875 0.66619060625 0.6840491828124999 0.669306553125 0.6861993328125 0.6721521359375 0.6840304734375 0.672025609375 0.68170585 0.670758578125 0.67981816875
0 0.6770197046875001 0.6788217328124999 0.676114953125 0.6842381546875 0.6788047734375 0.6850414046875 0.6813334546875 0.6841805046875 0.6812069265625 0.68185588125 0.6785057609375 0.6788996140625 0.6770197046875001 0.6788217328124999
0 0.73399360625 0.71955775625 0.73080246875 0.721211796875 0.7281407125 0.729350840625 0.7293212078125 0.7328896953124999 0.7336468843749999 0.7332819640625 0.7375697078125001 0.7295138515625 0.7381116 0.7239128421875 0.73399360625 0.71955775625
0 0.7258138265625 0.4467650671875 0.732200896875 0.45521277031249996 0.7397750109375 0.4575965625 0.7432299625 0.46986429999999996 0.7453838562499999 0.4737853078125 0.7504292890625 0.477030003125 0.755267625 0.4771179984375 0.7572090390625 0.47324604375 0.7559825874999999 0.46821464375 0.7565244796874999 0.4626136359375 0.7557414578125 0.45859889843749996 0.7433874765625 0.44553364218749997 0.7370582890625 0.43361198593749994 0.73311278125 0.43307406875 0.7307971609374999 0.43460842031249997 0.725877671875 0.4408078640625 0.7258138265625 0.4467650671875
0 0.5893808546875 0.486305890625 0.590653846875 0.48571032187499996 0.5909134500000001 0.48075680312499997 0.586092421875 0.4803385734375 0.5859653109375 0.485133465625 0.5893808546875 0.486305890625
0 0.5971334171875 0.4900236015625 0.5990402171875 0.486812115625 0.5978251078125 0.4839337296875 0.593401553125 0.48303961875 0.5916618578125 0.4854320078125 0.5971334171875 0.4900236015625