0 0.49020337343750003 0.49140211562499997 0.4867311515625 0.49371693125 0.48487103125 0.49652777812500004 0.4831349203125 0.5071097890625 0.48635912656249997 0.5166997359375001 0.491071428125 0.5186838625 0.4936755953125 0.5171957671875 0.497271825 0.5104166671875 0.4990079359375 0.5011574078125001 0.49813988125 0.49669312187500003 0.49441964218749995 0.49305555625 0.49020337343750003 0.49140211562499997
0 0.3998015875 0.509424603125 0.39930555624999997 0.5133928578125 0.400049603125 0.5166997359375001 0.401413690625 0.51818783125 0.4047619046875 0.5186838625 0.40711805625 0.5178571421875 0.409226190625 0.5133928578125 0.409226190625 0.5074404765625 0.40835813437499996 0.5066137562499999 0.4038938484375 0.50628306875 0.3998015875 0.509424603125
0 0.48784722187499996 0.45519179843749996 0.48784722187499996 0.46015211562499997 0.48995535781250005 0.462632275 0.4918154765625 0.46279761875 0.494667659375 0.4623015875 0.497023809375 0.4581679890625 0.497271825 0.45386904687499996 0.494667659375 0.4500661375 0.4904513890625 0.4507275125 0.48784722187499996 0.45519179843749996
0 0.5336061515625 0.603835978125 0.5327380953125 0.6049933859375 0.5292658734375 0.6172288359375 0.5313740078125 0.6226851859375 0.534226190625 0.6235119046875 0.5373263890625 0.621693121875 0.5429067453124999 0.6145833328125 0.543898809375 0.61193783125 0.5430307546875001 0.60648148125 0.5378224203124999 0.603505290625 0.5336061515625 0.603835978125
0 0.5404265875 0.5444775125 0.541790675 0.549603175 0.5458829359374999 0.5510912703125 0.5488591265625 0.5487764546875 0.55009920625 0.5424933859375 0.549355159375 0.5385251328125 0.545262896875 0.5360449734375 0.541170634375 0.541170634375 0.5404265875 0.5444775125
0 0.41741071406249997 0.6615410046875 0.4144345234375 0.67476851875 0.4157986109375 0.677910053125 0.424603175 0.678075396875 0.43018353125 0.67526455 0.43154761875 0.671461640625 0.43030753906249997 0.659226190625 0.42770337343750003 0.65641534375 0.42274305625 0.6574074078125001 0.41741071406249997 0.6615410046875
0 0.4610615078125 0.684358465625 0.4613095234375 0.690310846875 0.46292162656249997 0.6921296296875 0.4670138890625 0.6929563484375 0.47445436562500004 0.6883267203125001 0.4751984125 0.6790674609375 0.473834325 0.6762566140625 0.46688988125 0.6755952375 0.462053571875 0.6807209000000001 0.4610615078125 0.684358465625
0 0.40042162656249997 0.5479497359375001 0.4047619046875 0.5477843921875001 0.4077380953125 0.5438161375 0.4072420640625 0.5388558203125 0.40438988125 0.5367063484375 0.3984375 0.5383597890625 0.39732142812500004 0.5444775125 0.40042162656249997 0.5479497359375001
0 0.49652777812500004 0.5378637562499999 0.497271825 0.5428240734374999 0.4990079359375 0.5438161375 0.502108134375 0.5429894187500001 0.5047123015625 0.5385251328125 0.5044642859375 0.5335648140625 0.502108134375 0.53174603125 0.4986359125 0.5330687828125 0.49652777812500004 0.5378637562499999
0 0.515376984375 0.459821428125 0.5178571421875 0.46147486718749997 0.5217013890625 0.46031746093750003 0.5223214281249999 0.4555224875 0.5214533734375 0.45238095312500004 0.5184771828125 0.45105820156250004 0.5146329359374999 0.4548611109375 0.515376984375 0.459821428125
0 0.5688244046875 0.512896825 0.5726686515625 0.51273148125 0.5739087296875 0.5081018515625 0.5731646828125 0.5021494703125 0.5688244046875 0.5016534390625 0.5672123015625 0.5074404765625 0.568204365625 0.5114087296875 0.5688244046875 0.512896825
0 0.5453869046875 0.5246362437500001 0.5483630953125 0.5229828046875 0.5488591265625 0.5180224875 0.545262896875 0.515211640625 0.541542659375 0.516203703125 0.541170634375 0.5229828046875 0.5453869046875 0.5246362437500001
0 0.4320436515625 0.6172288359375 0.43365575468750006 0.6200396828125 0.43675595312500004 0.6202050265625 0.43973214218749995 0.6172288359375 0.439980159375 0.6109457671875 0.439112103125 0.609126984375 0.43539186562500004 0.6084656078124999 0.43303571406249997 0.6112764546875 0.4320436515625 0.6172288359375
0 0.4077380953125 0.493882275 0.41195436562500004 0.493882275 0.41344246093750003 0.49156746093750003 0.412946428125 0.48859127031250005 0.41183035781250005 0.4874338625 0.407862103125 0.48776454999999996 0.40699404687499996 0.490575396875 0.4077380953125 0.493882275
0 0.365575396875 0.58151455 0.366939484375 0.583664021875 0.368799603125 0.584160053125 0.37053571406249997 0.580853175 0.37053571406249997 0.577876984375 0.369667659375 0.5757275125 0.36817956406249996 0.575396825 0.36607142812500004 0.5768849203124999 0.365575396875 0.58151455
0 0.45634920625 0.44460978906250004 0.45634920625 0.43964947031249996 0.4517609125 0.43948412656249997 0.45089285781250005 0.44460978906250004 0.45535714218749995 0.4452711640625 0.45634920625 0.44460978906250004
0 0.455605159375 0.618882275 0.457961309375 0.6177248671875 0.4583333328125 0.6159060843749999 0.45647321406249997 0.6124338625 0.45498511875 0.6117724875 0.453125 0.6172288359375 0.455605159375 0.618882275
0 0.42782738125 0.6397156078124999 0.42906746093750003 0.63806216875 0.4293154765625 0.6327711640625 0.4279513890625 0.63095238125 0.4232390875 0.6326058203125 0.42385912656249997 0.63806216875 0.42782738125 0.6397156078124999
0 0.41220238125 0.6360780421875 0.41592261875 0.6337632281250001 0.41592261875 0.6304563484375 0.4150545640625 0.6292989421875 0.4117063484375 0.6291335984375 0.4109623015625 0.6334325390625 0.41220238125 0.6360780421875
0 0.403521825 0.652943121875 0.4045138890625 0.653604496875 0.40811011875 0.652777778125 0.41021825468750006 0.6476521156249999 0.40811011875 0.6458333328125 0.4038938484375 0.646825396875 0.40277777812500004 0.6493055562500001 0.403521825 0.652943121875
0 0.393105159375 0.6231812171875 0.3942212296875 0.625661375 0.396329365625 0.6264880953125 0.39955357187499996 0.6241732796874999 0.400049603125 0.6211970906250001 0.398685515625 0.6177248671875 0.395957340625 0.6170634921875 0.393601190625 0.618882275 0.393105159375 0.6231812171875
0 0.42237103125 0.5801917984375 0.424603175 0.5811838625 0.4283234125 0.578869046875 0.4295634921875 0.5762235453125 0.42894345312500004 0.5744047625 0.427207340625 0.5734126984375 0.42137896875 0.57523148125 0.42237103125 0.5801917984375
0 0.41989087343750003 0.515376984375 0.42410714218749995 0.51273148125 0.42373511875 0.5072751328125 0.41976686562500004 0.5072751328125 0.41865079375 0.5087632281250001 0.41741071406249997 0.51273148125 0.41989087343750003 0.515376984375
0 0.4010416671875 0.47304894218750004 0.40426587343750003 0.47470238125 0.40687003906249997 0.4738756609375 0.408978175 0.47106481406249995 0.4076140875 0.46792327968749997 0.4033978171875 0.4669312171875 0.4010416671875 0.4690806875 0.4010416671875 0.47304894218750004
0 0.4136904765625 0.47238756562499995 0.4150545640625 0.4742063484375 0.4171626984375 0.4740410046875 0.41840277812500004 0.47304894218750004 0.41865079375 0.4697420640625 0.417038690625 0.4675925921875 0.4150545640625 0.4675925921875 0.41344246093750003 0.4700727515625 0.4136904765625 0.47238756562499995
0 0.42757936562500004 0.44130290937499994 0.428571428125 0.43964947031249996 0.4283234125 0.43402777812500004 0.42373511875 0.43353174531249994 0.4228670640625 0.4393187828125 0.42373511875 0.44080687812499997 0.42757936562500004 0.44130290937499994
0 0.428075396875 0.45651454999999996 0.43030753906249997 0.45519179843749996 0.430803571875 0.44957010625000005 0.427207340625 0.447089946875 0.42385912656249997 0.44990079375 0.4231150796875 0.4548611109375 0.428075396875 0.45651454999999996
0 0.3845486109375 0.43948412656249997 0.3834325390625 0.44460978906250004 0.3859126984375 0.4452711640625 0.3883928578125 0.44460978906250004 0.3845486109375 0.43948412656249997
0 0.3886408734375 0.5534060843749999 0.3845486109375 0.5519179890625 0.3834325390625 0.5540674609375 0.3841765875 0.559689153125 0.3886408734375 0.559689153125 0.3886408734375 0.5534060843749999
0 0.40401785781250005 0.5768849203124999 0.40575396875 0.57523148125 0.40625 0.5696097890625 0.40438988125 0.5677910046875 0.4001736109375 0.56845238125 0.400049603125 0.5758928578125 0.40401785781250005 0.5768849203124999
0 0.50731646875 0.6253306875 0.5104166671875 0.6261574078125001 0.5133928578125 0.622519840625 0.5133928578125 0.6168981484375 0.5095486109375 0.6140873015625 0.50595238125 0.6162367718749999 0.505704365625 0.622519840625 0.50731646875 0.6253306875
0 0.506200396875 0.572585978125 0.5060763890625 0.5667989421875 0.5017361109375 0.5682870375 0.5009920640625001 0.5706018515625 0.502480159375 0.5735780421875 0.506200396875 0.572585978125
0 0.4748263890625 0.58101851875 0.4789186515625 0.5821759265625001 0.48115079375 0.5798611109375 0.4826388890625 0.57523148125 0.47854662656249997 0.5714285718750001 0.4742063484375 0.57490079375 0.4742063484375 0.577546296875 0.4748263890625 0.58101851875
0 0.471478175 0.5940806875 0.47457837343750003 0.5925925921874999 0.47470238125 0.590443121875 0.47061011875 0.5886243390625 0.468998015625 0.591104496875 0.47061011875 0.59424603125 0.471478175 0.5940806875
0 0.4677579359375 0.5791997359375001 0.46664186562500004 0.5760582015625 0.46279761875 0.577876984375 0.46316964218749995 0.5823412703125 0.46676587343750003 0.5828373015625 0.4677579359375 0.5791997359375001
0 0.45250496093750003 0.566137565625 0.4513888890625 0.5699404765625 0.45535714218749995 0.5712632281250001 0.45535714218749995 0.5663029093749999 0.45250496093750003 0.566137565625
0 0.443700396875 0.46312830624999995 0.44742063437499996 0.46015211562499997 0.445560515625 0.45601851875 0.44308035781250005 0.45568783125 0.44097222187499996 0.4581679890625 0.44122023749999995 0.46180555625 0.443700396875 0.46312830624999995
0 0.5104166671875 0.43336640156249995 0.5119047625 0.431382275 0.5116567453124999 0.428075396875 0.5097966265625 0.42559523749999995 0.5060763890625 0.42625661406250004 0.50595238125 0.4323743390625 0.5104166671875 0.43336640156249995
0 0.531498015625 0.4426256609375 0.533730159375 0.44163359843750005 0.534226190625 0.43799603125 0.533358134375 0.43551587343750003 0.5292658734375 0.4360119046875 0.5292658734375 0.44196428593750003 0.531498015625 0.4426256609375
0 0.5173611109375 0.41848545000000004 0.51884920625 0.4188161375 0.523189484375 0.41765872968749995 0.5248015875 0.41286375625 0.5217013890625 0.41005290937499994 0.5187251984375 0.4113756609375 0.5176091265625 0.41286375625 0.5173611109375 0.41848545000000004
0 0.5143849203124999 0.6069775125 0.51612103125 0.6013558203125 0.5130208328125 0.5995370375 0.5104166671875 0.6016865078125 0.5106646828125 0.603670634375 0.5120287703125 0.60681216875 0.5143849203124999 0.6069775125
0 0.3851686515625 0.6076388890625 0.3888888890625 0.6049933859375 0.389880953125 0.6010251328125 0.388516865625 0.5988756609375 0.38368055624999997 0.6006944437499999 0.3829365078125 0.606646825 0.3851686515625 0.6076388890625
0 0.375744046875 0.6235119046875 0.376612103125 0.625661375 0.377728175 0.62549603125 0.3805803578125 0.625 0.38169642812500004 0.622519840625 0.380332340625 0.6173941796875 0.376612103125 0.61871693125 0.37599206406249996 0.6202050265625 0.375744046875 0.6235119046875
0 0.4869791671875 0.4365079359375 0.48511904687499996 0.4389880953125 0.48660714218749995 0.44196428593750003 0.4890873015625 0.4393187828125 0.4869791671875 0.4365079359375
0 0.4320436515625 0.540509259375 0.43551587343750003 0.5428240734374999 0.43675595312500004 0.540509259375 0.4365079359375 0.53753306875 0.43563988125 0.5363756609375 0.432663690625 0.537367725 0.43154761875 0.5388558203125 0.4320436515625 0.540509259375
0 0.412450396875 0.5454695765625 0.41592261875 0.547123015625 0.41765872968749995 0.5454695765625 0.41765872968749995 0.5424933859375 0.41629464218749995 0.540674603125 0.41331845312500004 0.541335978125 0.41220238125 0.5431547625 0.412450396875 0.5454695765625
0 0.44320436562500004 0.51207010625 0.4438244046875 0.5135582015625 0.44742063437499996 0.5133928578125 0.4470486109375 0.5105820109375 0.44320436562500004 0.51207010625
0 0.440476190625 0.4700727515625 0.43936011875 0.46660052968750004 0.43526785781250005 0.4690806875 0.43563988125 0.471560846875 0.43948412656249997 0.47205687812499997 0.440476190625 0.4700727515625
0 0.3909970234375 0.47585978906250004 0.3928571421875 0.4763558203125 0.39508928593750003 0.47437169375000005 0.3960813484375 0.47073412656249997 0.392237103125 0.46825396875 0.38975694375000003 0.46957672031250003 0.3891369046875 0.471726190625 0.3909970234375 0.47585978906250004
0 0.380704365625 0.5431547625 0.38467261875 0.5428240734374999 0.3856646828125 0.5385251328125 0.3845486109375 0.5357142859375 0.3804563484375 0.53687169375 0.3799603171875 0.5401785718750001 0.380704365625 0.5431547625
0 0.392237103125 0.53108465625 0.39012896874999997 0.533895503125 0.3923611109375 0.5355489421875 0.393353175 0.5332341265625 0.392237103125 0.53108465625
0 0.3737599203125 0.5477843921875001 0.3726438484375 0.54365079375 0.3712797625 0.5451388890625 0.37053571406249997 0.5491071421875 0.3730158734375 0.54976851875 0.3737599203125 0.5477843921875001
0 0.422991071875 0.612103175 0.424603175 0.61226851875 0.42584325468750006 0.61193783125 0.42609127031250005 0.606646825 0.42373511875 0.6054894187500001 0.42261904687499996 0.606646825 0.42261904687499996 0.6102843921875001 0.422991071875 0.612103175
0 0.42261904687499996 0.6010251328125 0.4195188484375 0.597222221875 0.4164186515625 0.6020171953125 0.41778273749999995 0.6041666671875 0.4201388890625 0.6049933859375 0.42261904687499996 0.6010251328125
0 0.46031746093750003 0.5547288359375 0.4595734125 0.54943783125 0.4562251984375 0.5492724875 0.455853175 0.5543981484375 0.45907738125 0.5560515875 0.46031746093750003 0.5547288359375
0 0.46006944375 0.5395171953125 0.46180555625 0.5388558203125 0.46180555625 0.5365410046875 0.4609375 0.534722221875 0.45895337343750003 0.534060846875 0.4580853171875 0.5388558203125 0.46006944375 0.5395171953125
0 0.45709325468750006 0.496858465625 0.454737103125 0.4953703703125 0.452876984375 0.496858465625 0.452876984375 0.4981812171875 0.45535714218749995 0.5018187828125 0.45709325468750006 0.496858465625
0 0.46279761875 0.4790013234375 0.46292162656249997 0.47585978906250004 0.4585813484375 0.47602513281250003 0.45882936562500004 0.4813161375 0.4605654765625 0.4813161375 0.46279761875 0.4790013234375
0 0.456101190625 0.46147486718749997 0.457961309375 0.4609788359375 0.4583333328125 0.45882936562500004 0.45696924531249994 0.45701058124999994 0.45498511875 0.45667989374999995 0.4541170640625 0.4604828046875 0.456101190625 0.46147486718749997
0 0.407862103125 0.440145503125 0.406001984375 0.44460978906250004 0.40823412656249997 0.446263228125 0.40947420625 0.4439484125 0.407862103125 0.440145503125
0 0.38231646874999997 0.5003306875 0.38467261875 0.5011574078125001 0.3864087296875 0.50016534375 0.38715277812500004 0.496858465625 0.3840525796875 0.4923941796875 0.3814484125 0.4948743390625 0.380704365625 0.497189153125 0.38231646874999997 0.5003306875
0 0.388516865625 0.49801587343750003 0.387648809375 0.5021494703125 0.38963293593750004 0.503141534375 0.3923611109375 0.5014880953125 0.388516865625 0.49801587343750003