0 0.4901292828125 0.519170903125 0.4951511328125 0.5201319296875 0.49738899999999997 0.5181349156249999 0.4994971890625 0.5107562578125 0.499270253125 0.501338378125 0.49749299062499996 0.49715212500000006 0.4930977546875 0.49436753125 0.48862985312499996 0.4936268328125 0.485714784375 0.4966129796875 0.48447972031250003 0.49974914375 0.48498167031249995 0.5104608703125 0.4901292828125 0.519170903125
0 0.4107276796875 0.5380766890625 0.41286045781249997 0.5367781625 0.41399434843750005 0.531973128125 0.412756778125 0.5261508203124999 0.41173580625 0.5255226453125 0.40730032187500004 0.5261273609375 0.4039506484375 0.530051075 0.40429050312500003 0.53403574375 0.40570582968749996 0.5371156625 0.40734950000000003 0.5382876296875 0.4107276796875 0.5380766890625
0 0.48694624375 0.46423404375 0.48839148281250006 0.459700903125 0.487740278125 0.4554443390625 0.48440235 0.45226596875 0.48041572343750005 0.453789503125 0.478796640625 0.45869767031249997 0.4798279484375 0.4635495921875 0.4824056703125 0.46553724843750005 0.48425951874999995 0.46531223749999995 0.48694624375 0.46423404375
0 0.5591578359375 0.6136968484375 0.5618121406250001 0.6112732421875 0.56579234375 0.6031585984375 0.5662126984375 0.6003646453125 0.564229175 0.5952080078125 0.5585158703124999 0.5933797281250001 0.554460490625 0.5945798015625 0.5538520421875 0.5958923953124999 0.5529995890625 0.6085823875 0.5561960953125 0.613481196875 0.5591578359375 0.6136968484375
0 0.557839290625 0.5311485921875 0.55628645625 0.5274217515624999 0.5517679656250001 0.5258466187499999 0.5488308140625 0.5317111015625 0.5487905640624999 0.5351004125000001 0.551190528125 0.53983045625 0.55550275625 0.5404352046875001 0.5579326328125 0.5375521890625 0.557839290625 0.5311485921875
0 0.46814873749999997 0.685950259375 0.468692346875 0.6819468421875 0.46493547343749997 0.67023659375 0.46180380625 0.6680286078125001 0.457158146875 0.6700303 0.45280175156249997 0.675182225 0.452640753125 0.6887394703124999 0.45462819374999996 0.6915287453125 0.46327473281250003 0.689859903125 0.46814873749999997 0.685950259375
0 0.5141679265625 0.689522565625 0.5129706046875 0.6803109468749999 0.51105191875 0.6778451343749999 0.50412171875 0.678642040625 0.5004567796875 0.6846612203125 0.5002426875 0.6884255578125 0.501722853125 0.6941963 0.5036778734375 0.6956401640625 0.5078525953125 0.6955979875 0.5141679265625 0.689522565625
0 0.4141108703125 0.5557826875 0.4086323328125 0.5586375671875 0.408812596875 0.564853646875 0.41256696406250004 0.5676054265625 0.41677801875 0.5665413015625 0.4188641265625 0.562040978125 0.4173476265625 0.5572921859375 0.4141108703125 0.5557826875
0 0.5126191515625 0.5367035234374999 0.5113452484375001 0.531903165625 0.5086624375000001 0.5306139984375 0.5055411078125001 0.5326297609374999 0.504475971875 0.5377582578125 0.5062350671875 0.542455484375 0.5081395015625 0.5430649109375 0.51100006875 0.541611690625 0.5126191515625 0.5367035234374999
0 0.511084009375 0.4489611359375 0.507897840625 0.44828607500000006 0.50492826875 0.45280514531250005 0.506687365625 0.457502371875 0.5094570953125 0.45860402499999997 0.5129766984375 0.456672646875 0.51258625625 0.45185354218749996 0.511084009375 0.4489611359375
0 0.5676641953125 0.487307909375 0.5672905140625 0.4933036609375 0.5690859453125 0.49697893593750003 0.5700018265625 0.4983056 0.573727690625 0.49734460625 0.573978115625 0.4925583171875 0.572012759375 0.48689070624999997 0.5676641953125 0.487307909375
0 0.5440037921875 0.507212409375 0.5450493515625 0.51392071875 0.5495172546875 0.5146614140625 0.5520846390624999 0.512425321875 0.5515385234375 0.50747026875 0.547436471875 0.5054685437499999 0.5440037921875 0.507212409375
0 0.46435865937500004 0.6210001625 0.463131425 0.619401603125 0.4593549765625 0.6195281609375 0.45763472031249997 0.6227674546874999 0.45790190624999993 0.6287960234375001 0.46006318906250004 0.631210271875 0.4631300171875 0.630727434375 0.46542238437499994 0.627197496875 0.46435865937500004 0.6210001625
0 0.4111444296875 0.5060399624999999 0.40733164374999997 0.5071884703125 0.407066965625 0.510118371875 0.40848229218750004 0.513198290625 0.412606428125 0.512321678125 0.413580728125 0.5097480562500001 0.41247675 0.506940034375 0.4111444296875 0.5060399624999999
0 0.3895563546875 0.6030923234375 0.38826036875000003 0.6011703015625 0.3867360375 0.6011562328125 0.3849833625 0.603050115625 0.385460725 0.6076817078125 0.3872419046875 0.6095005984374999 0.38916450625 0.60959905 0.3901751390625 0.606003478125 0.3895563546875 0.6030923234375
0 0.44495393125 0.4557488921875 0.4457868078125 0.45489570781250005 0.4447555 0.45004378437500003 0.44023309531250004 0.4508360140625 0.44044969375000004 0.456030146875 0.44495393125 0.4557488921875
0 0.47920760937500007 0.6186891109375 0.4785225765625 0.624412965625 0.48129230781250004 0.62551461875 0.48335633125 0.62389263125 0.4833420796875 0.6220362453125 0.48080069375 0.619026640625 0.47920760937500007 0.6186891109375
0 0.45248679843749995 0.64566755625 0.4542277265625 0.6508757562499999 0.458453034375 0.6516680171875 0.4593222453125 0.6497928828124999 0.4584647796875 0.644565934375 0.4567523546875 0.6430705062500001 0.45248679843749995 0.64566755625
0 0.4404841609375 0.6446690015625001 0.4406501734375 0.6490286968750001 0.44241318593749995 0.6513585625 0.44557085 0.6483208515625 0.4448833109375 0.645086234375 0.4437935875 0.6441346 0.4404841609375 0.6446690015625001
0 0.4404385875 0.6617515046875 0.43652071562500006 0.6635985015625 0.4359446875 0.6662565078125 0.4374287671875 0.6696598875 0.4385366609375 0.6701005484375 0.44188241875 0.6685441984375 0.4428788015625 0.6630922375 0.4404385875 0.6617515046875
0 0.42743205156249997 0.6393295 0.42537585624999996 0.6362167624999999 0.422569790625 0.636137059375 0.42064327500000004 0.63840596875 0.4210518828125 0.6427140984374999 0.42265921874999995 0.644908015625 0.424893171875 0.6452783640625 0.42756564375000006 0.6423437828125 0.42743205156249997 0.6393295
0 0.44596582968750004 0.5875523265625 0.44406139375000003 0.5869429 0.43873853125 0.5899337250000001 0.44074022343749997 0.5945793859374999 0.44312984999999994 0.5950856812499999 0.4462875140625 0.59204796875 0.44695046562499996 0.5892024515625 0.44596582968750004 0.5875523265625
0 0.422250446875 0.52548518125 0.4218625125 0.5296245453124999 0.42483850468749995 0.531696584375 0.42841260625000005 0.5282322796875001 0.426914275 0.5229725140625 0.4230327375 0.5237975609375 0.422250446875 0.52548518125
0 0.402963815625 0.48783234374999995 0.39863342031250004 0.487738571875 0.3967756578125 0.4903309421875 0.3976007046875 0.49421248125000006 0.40109822343749996 0.4951594390625 0.40347359687499995 0.4938093484375 0.40495125625000006 0.49062161875 0.402963815625 0.48783234374999995
0 0.41413749062500005 0.4873167234375 0.412113715625 0.4855493984375 0.41017294687500006 0.48596192031249996 0.4091117265625 0.48872305781250003 0.4098355984375 0.490935721875 0.4115480234375 0.4924311515625 0.41357571406250004 0.49183111406249996 0.4145824328125 0.490602903125 0.41413749062500005 0.4873167234375
0 0.41193626875 0.45668165156249996 0.413094746875 0.45795674999999997 0.41695811875000005 0.45764267812500004 0.4175847328125 0.455819109375 0.416173321875 0.4503718296875 0.41158216249999996 0.450840596875 0.41193626875 0.45668165156249996
0 0.4151067765625 0.46682615937499994 0.41541029687500003 0.471832778125 0.4206059890625 0.47241877656250003 0.4225143375 0.4706608421875 0.42183071562499996 0.4650588671875 0.41779741562500006 0.46338060312499996 0.4151067765625 0.46682615937499994
0 0.37448954375 0.46481023749999995 0.3744635453125 0.4700559359375 0.377027015625 0.47018720468749997 0.37931546875 0.469024628125 0.37448954375 0.46481023749999995
0 0.40348441093750004 0.581537665625 0.4021780875 0.575391896875 0.3978658578125 0.5747871499999999 0.397221075 0.5771216953125 0.3991176796875 0.58246584375 0.40348441093750004 0.581537665625
0 0.41658710781249997 0.58771160625 0.41801277187499997 0.5950152734375 0.422100571875 0.5951606093749999 0.423454975 0.5931823453125 0.4227713515625 0.5875803687500001 0.420573734375 0.5861880703125 0.41658710781249997 0.58771160625
0 0.5330600343749999 0.609608953125 0.529989290625 0.6124591500000001 0.53105301875 0.618656484375 0.5332143015625 0.62107073125 0.5364186375 0.62123481875 0.5385734984375 0.61705795625 0.5374046828125 0.6115591109375 0.5330600343749999 0.609608953125
0 0.517723696875 0.57145453125 0.5211563765625 0.569710665625 0.5198318859375 0.5640758734375 0.515895846875 0.5664338437499999 0.5156493359375001 0.5688527703124999 0.517723696875 0.57145453125
0 0.49386626875 0.5743280937499999 0.4903427515625 0.5786268328124999 0.4908927828125 0.5812145265625001 0.492221190625 0.5844819578125 0.496464665625 0.58476324375 0.49816675312500003 0.582034925 0.49865977499999997 0.5771970703125 0.49386626875 0.5743280937499999
0 0.4886171734375 0.5955593203125 0.49084720937500004 0.5982970296875 0.4916619203125 0.5979548203125 0.4943849796875 0.595854675 0.4940593765625 0.59372639375 0.48967839375000005 0.592798184375 0.4886171734375 0.5955593203125
0 0.4847149625 0.587936871875 0.484929053125 0.584172534375 0.48318421093749997 0.5813316937499999 0.47980211562499997 0.5839099953125 0.48109418593750003 0.588199378125 0.4847149625 0.587936871875
0 0.4672936140625 0.574567075 0.4669926015625 0.578518928125 0.4711491546875 0.578987728125 0.4701178453125 0.574135803125 0.4672936140625 0.574567075
0 0.43356475625 0.47135468437499994 0.43456364531249997 0.47486119687499995 0.437264621875 0.47563938749999995 0.440284778125 0.4719547515625 0.43760588437500003 0.468298225 0.4351111703125 0.4684904171875 0.43356475625 0.47135468437499994
0 0.49061149375 0.42660473125 0.49176214218750003 0.43261455312499997 0.49633513437500004 0.43265675937500003 0.4973781875 0.430406596875 0.49644805156249994 0.4272235484375 0.49411292656250005 0.42518432656250005 0.49061149375 0.42660473125
0 0.5153224703125 0.43132548125000003 0.516560040625 0.4371477890625 0.5188809125 0.437330621875 0.5208580171875 0.43589615000000004 0.520586915625 0.43223494218749997 0.519222175 0.4299894609375 0.5153224703125 0.43132548125000003
0 0.502526109375 0.40750649687499996 0.49988997187499995 0.409419128125 0.49910768125000005 0.4111067484375 0.5000339015625 0.41665716093749994 0.50155823125 0.4166712296875 0.505563025 0.41463671875 0.5061429703125 0.40961135156250006 0.502526109375 0.40750649687499996
0 0.5319859703125001 0.5991878703125 0.5339734109375 0.6019771453125 0.5363124515625 0.6016490046875 0.5368418078125 0.5957892015625 0.533431209375 0.59465473125 0.5313308515624999 0.5972986671875 0.5319859703125001 0.5991878703125
0 0.40715796718749997 0.6226782015625 0.4076677484375 0.6286552046875 0.41005737499999995 0.6291615015625001 0.41314628593749997 0.625800328125 0.413291625 0.621712528125 0.41151044531250003 0.6198936374999999 0.40715796718749997 0.6226782015625
0 0.4097549515625 0.644439184375 0.4073549890625 0.6397091406250001 0.4039910625 0.6417764671875 0.40369396562500004 0.6433609578125 0.40413890625000004 0.6466471390625 0.40543489375 0.648569159375 0.4064922 0.648175384375 0.40917892499999997 0.6470971890625 0.4097549515625 0.644439184375
0 0.47406296093750006 0.4406025734375 0.47275914375 0.4434152765625 0.47483350468749996 0.4460170375 0.47670943593750004 0.442913690625 0.47406296093750006 0.4406025734375
0 0.44460922968750005 0.5489619859375 0.4419043375 0.55055115625 0.441122046875 0.552238778125 0.441951009375 0.5537529546875 0.44582863125000005 0.55529526875 0.4465603359375 0.5527732109375 0.44569895312499996 0.5499136234375 0.44460922968750005 0.5489619859375
0 0.42658053125000006 0.5571890875000001 0.4238068859375 0.5584547953125 0.42309335 0.560465878125 0.423817221875 0.5626785437499999 0.42755733749999997 0.5635739359375 0.428911740625 0.5615956703125 0.42829295624999997 0.558684515625 0.42658053125000006 0.5571890875000001
0 0.44695500312499997 0.5236148218750001 0.447870884375 0.5249414859375 0.4513541515625 0.52403205625 0.45040585 0.52135998125 0.44695500312499997 0.5236148218750001
0 0.4349968421875 0.485249459375 0.43555470312500005 0.48310242968750006 0.43374110468750005 0.479938128125 0.43025392343749996 0.4832149171875 0.43113347187500006 0.48556353124999996 0.4349968421875 0.485249459375
0 0.387991609375 0.4913528625 0.3858406640625 0.4931623625 0.3856810734375 0.495393775 0.3883599671875 0.49905030312500004 0.39028256875 0.4991487546875 0.39205341250000003 0.4967438984375 0.39226750312499997 0.492979559375 0.387991609375 0.4913528625
0 0.3907347203125 0.5609204812499999 0.3909370671875 0.5642582265625 0.392283640625 0.567014684375 0.396096425 0.565866175 0.396173009375 0.5614549156249999 0.39449691875 0.5589375359375001 0.3907347203125 0.5609204812499999
0 0.40105484375 0.5528105484375 0.3995771859375 0.5559982765625 0.4021043203125 0.5571514953125 0.402593428125 0.554681003125 0.40105484375 0.5528105484375
0 0.3861382375 0.5750824421875 0.386453503125 0.5729869765625 0.384502396875 0.5691757515625 0.38347751093750004 0.5709149375 0.38357476875 0.574951171875 0.3861382375 0.5750824421875
0 0.44733417343750004 0.6190405828125 0.446483128125 0.620404740625 0.44723942031249997 0.62396281875 0.44798146250000004 0.6256645078124999 0.44959271406249995 0.6254910640625 0.45073694062499997 0.624909775 0.44987947500000003 0.619682825 0.44733417343750004 0.6190405828125
0 0.4437133984375 0.6193030875 0.44531431250000003 0.6149058953125001 0.44149119062500003 0.6118306546875 0.43945567187499995 0.6171654140625 0.44123685 0.61898430625 0.4437133984375 0.6193030875
0 0.47162541874999997 0.5633350171875 0.472563384375 0.5617833437499999 0.47073553281249997 0.55676265625 0.467426109375 0.5572970578125 0.4681279 0.562388059375 0.47162541874999997 0.5633350171875
0 0.4669319890625 0.541850609375 0.4670798328125 0.5467212796875 0.469158109375 0.5469556796874999 0.4707187765625 0.5459477984375 0.4702374984375 0.5436835671875 0.469010265625 0.5420850078125 0.4669319890625 0.541850609375
0 0.4567108421875 0.511060809375 0.4573777078125 0.5058479296875 0.45476365156250004 0.504882225 0.4532535734375 0.5067245421875 0.45352858906250004 0.5080183875000001 0.4567108421875 0.511060809375
0 0.45754262187499994 0.4899233234375 0.45924470937499995 0.4871950046875 0.45871284531249995 0.48409633750000003 0.454501790625 0.4851604625 0.45584445 0.49028428125 0.45754262187499994 0.4899233234375
0 0.44696204531249994 0.46698566250000006 0.4469036296875 0.4708859484375 0.449050659375 0.471443809375 0.45076700000000003 0.4705718765625 0.45068399374999996 0.4683920296875 0.44897156718750003 0.4668966 0.44696204531249994 0.46698566250000006
0 0.3974310875 0.4606100140625 0.39653979375000004 0.46536348437499997 0.399066928125 0.46651670312500004 0.39979863125000004 0.4639946453125 0.3974310875 0.4606100140625
0 0.3850049703125 0.516667209375 0.38297336406250004 0.5196346078125 0.382726853125 0.522053534375 0.384956890625 0.52479124375 0.38743343750000003 0.5251100265625 0.38892534843750004 0.5237786843750001 0.3889655984375 0.520389371875 0.3850049703125 0.516667209375
0 0.3905405171875 0.521237878125 0.39055085312500004 0.5254616249999999 0.3926978828125 0.5260194874999999 0.395022671875 0.5238349609374999 0.3905405171875 0.521237878125