0 0.4839146546875 0.51436023125 0.488258553125 0.517057096875 0.49106344843749994 0.515994703125 0.4956758875 0.509861640625 0.4988390921875 0.500987965625 0.4986800921875 0.49644284843750003 0.4955746953125 0.49226809375 0.49166899218750004 0.48997543906249996 0.4878774015625 0.49171858124999995 0.48560046874999996 0.49420383437500004 0.482230340625 0.5043839765625 0.4839146546875 0.51436023125
0 0.40301164375000004 0.5035553125 0.4054681140625 0.5031073546875 0.40824866249999997 0.49902781718749994 0.4091798203125 0.4931487203125 0.408451778125 0.492196384375 0.40409418593749996 0.4911714 0.3995608640625 0.4936340859375 0.3984501671875 0.4974758875 0.39866774375 0.5008584468749999 0.3997822484375 0.5025416125 0.40301164375000004 0.5035553125
0 0.5006306406250001 0.46193155625 0.50360441875 0.45821743125000003 0.504521884375 0.454010215625 0.5025446859375 0.44984674375000006 0.49827686406250005 0.44984040625 0.49500638906249994 0.45384234843750004 0.49423042500000003 0.45874159531250003 0.4959246234375 0.46152100625000003 0.49773597656249996 0.46197530000000003 0.5006306406250001 0.46193155625
0 0.514483290625 0.6273454234375 0.5178298406249999 0.6260340109375 0.524453709375 0.619884715625 0.5258474078125001 0.6174269781249999 0.5258436015625 0.6119020109375 0.52116496875 0.6081476984374999 0.516948878125 0.6078147453125 0.5159104515624999 0.6088221093749999 0.51056693125 0.6203637453125 0.51179555 0.626082703125 0.514483290625 0.6273454234375
0 0.542834971875 0.5498074640625 0.54272085625 0.5457716718750001 0.539066959375 0.5426818765625 0.5342232499999999 0.5471042609375 0.532971053125 0.5502540328125 0.533516515625 0.5555299796875001 0.5373256046875 0.5576399249999999 0.5406272703125 0.5558191875 0.542834971875 0.5498074640625
0 0.403625671875 0.6621850499999999 0.40556787187500004 0.6586423515625001 0.4062571046875 0.6463635484375 0.4041247140625 0.6431799265625 0.3990702734375 0.6433838125 0.3931569453125 0.64663235625 0.38814815625 0.6592314390625 0.38900400625 0.6625476859375 0.39767430625 0.66408833125 0.403625671875 0.6621850499999999
0 0.44530808437499997 0.6820118875000001 0.4474914390625 0.6729830203125 0.446583859375 0.6699933890625 0.439828375 0.6682538046875 0.434249778125 0.672559796875 0.43270088749999996 0.675997384375 0.4320146921875 0.68191528125 0.4333224265625 0.683963859375 0.43723497968749997 0.6854205703125 0.44530808437499997 0.6820118875000001
0 0.3998248625 0.5212977140625 0.393687109375 0.521999640625 0.39162775625 0.527867453125 0.3941466109375 0.53178190625 0.3984593171875 0.5322975671875 0.40201963906250004 0.528843746875 0.402305678125 0.523866903125 0.3998248625 0.5212977140625
0 0.49862762656250004 0.538787990625 0.4991586296875 0.53384994375 0.49711600625 0.5316849703125001 0.493479609375 0.5324482609375 0.49064733125000004 0.5368544156249999 0.4906062515625 0.5418700578125 0.4921657953125 0.5431214953125 0.49535715312499995 0.5427899328125 0.49862762656250004 0.538787990625
0 0.52863850625 0.45632327031250003 0.5259058828125001 0.454551225 0.5215140578125 0.45770594062500003 0.52147298125 0.46272158281250003 0.52366395 0.4647426484375 0.527641925 0.4642008640625 0.5290044296875 0.4595619203125 0.52863850625 0.45632327031250003
0 0.5677184078125 0.5123995921875 0.565220859375 0.5178631921875 0.5655799375 0.5219377828125 0.5659595546875 0.523504553125 0.5697823375 0.5239426171875 0.57173138125 0.5195639765625 0.571927653125 0.513568484375 0.5677184078125 0.5123995921875
0 0.5384963828125 0.5225029125 0.5370684531250001 0.5291403546875 0.5409741593749999 0.53143300625 0.5441723625 0.530265503125 0.5454382515625 0.5254438515625 0.5423260109375 0.5221050375 0.5384963828125 0.5225029125
0 0.42336336093750004 0.60019066875 0.42279051250000005 0.598258484375 0.4192195390625 0.5970232765625 0.41645268281250003 0.5994309343750001 0.41454167656249996 0.6051548390625 0.41569421875 0.6081832687500001 0.41873038281249997 0.6088315546875 0.422135509375 0.606357584375 0.42336336093750004 0.60019066875
0 0.41488165 0.4737958015625 0.41091052031249997 0.47350164531249994 0.4096134375 0.4761420921875 0.409831015625 0.47952465312500003 0.4139953765625 0.480184221875 0.4158272671875 0.478130696875 0.41580292031250005 0.4751135515625 0.41488165 0.4737958015625
0 0.359946990625 0.5566655125 0.3594258734375 0.5544067109374999 0.3580078296875 0.55384730625 0.355692859375 0.5549872953125 0.3544787015625 0.5594823296875 0.35548974375000003 0.561818728125 0.35724936406249996 0.5625996390625 0.3594814109375 0.5596050625 0.359946990625 0.5566655125
0 0.4644682453125 0.4389612859375 0.46555155781249996 0.43846324531249997 0.4663275234375 0.43356399687499997 0.461821584375 0.432682921875 0.4601623859375 0.43760968437500003 0.4644682453125 0.4389612859375
0 0.43805425781249996 0.603354503125 0.43536347812500004 0.6084526890624999 0.4375544484375 0.610473753125 0.4400626484375 0.609699178125 0.4407146125 0.6079609859375 0.43942057031250004 0.604240525 0.43805425781249996 0.603354503125
0 0.403440021875 0.6189651703125 0.403198865625 0.6244513375 0.406859609375 0.6267051921875 0.40834307656249996 0.6252660999999999 0.409415734375 0.620079034375 0.40835296093749995 0.6180692546875 0.403440021875 0.6189651703125
0 0.39259244375 0.6137315796875 0.39118505625 0.6178611984375 0.3919960203125 0.620668121875 0.396032571875 0.61896378125 0.39654988125 0.6156976140625 0.395873571875 0.6144186640625 0.39259244375 0.6137315796875
0 0.3864280765625 0.6296631374999999 0.382108521875 0.62998341875 0.3806182109375 0.6322584515624999 0.38078405625 0.6359676265624999 0.38166044375 0.6367760515625001 0.385341725 0.6365220859375 0.3882257375 0.6317893140625 0.3864280765625 0.6296631374999999
0 0.38232075625 0.6040692671875 0.3815166390625 0.6004264015625 0.37892551406249997 0.5993463890624999 0.3763138515625 0.600774196875 0.375151425 0.6049426140625 0.375865771875 0.6075668296875001 0.377818625 0.60871315625 0.38136525312499997 0.6069312171875 0.38232075625 0.6040692671875
0 0.4181788078125 0.5623730234375001 0.4166192625 0.5611215859375001 0.41057812812499994 0.5620062171875 0.4107820109375 0.5670606578124999 0.41283148125 0.5683896921875 0.4168680328125 0.56668535 0.41850669218750003 0.5642664093749999 0.4181788078125 0.5623730234375001
0 0.4182814671875 0.49592951875 0.4164358828125 0.499654925 0.418471659375 0.5026558390625 0.4230498671875 0.5007024765625 0.42353598437500006 0.49525510781250004 0.4196165875 0.49463433593749995 0.4182814671875 0.49592951875
0 0.413769415625 0.45386585625000003 0.4097602484375 0.45222643749999997 0.4070968546875 0.4539808609375 0.40647608281250003 0.4579002609375 0.4094019390625 0.4600377203125 0.4121033703125 0.459628559375 0.41462526562499996 0.45718210312499996 0.413769415625 0.45386585625000003
0 0.42438572187499995 0.4573887703125 0.42312971718750003 0.4550135734375 0.42117001875 0.4547031875 0.41918978124999995 0.45690062343750004 0.4190726265625 0.4592257359375 0.42013540000000005 0.46123551718750005 0.4222434453125 0.46140199375 0.42362345 0.4606161359375 0.42438572187499995 0.4573887703125
0 0.4333093328125 0.4279996203125 0.43393391093749994 0.4296051875 0.43765323125 0.430696484375 0.4388917359375 0.4292185953125 0.4395262 0.4236273171875 0.43507199218750003 0.42241962343750006 0.4333093328125 0.4279996203125
0 0.4326337890625 0.43860654062500004 0.4311229390625 0.44338939374999997 0.43576353125 0.44579844062499996 0.438175115625 0.444841159375 0.43954446875000003 0.439366275 0.4363804953125 0.4363540765625 0.4326337890625 0.43860654062500004
0 0.395436778125 0.4221686015625 0.39353261562499997 0.42705656562499994 0.395878778125 0.42809778125 0.398431865625 0.42783253125 0.395436778125 0.4221686015625
0 0.3806744484375 0.541533875 0.38165733749999997 0.5353281609375 0.377848246875 0.533218215625 0.3764096640625 0.5351666328125 0.376265125 0.54083550625 0.3806744484375 0.541533875
0 0.390694328125 0.55199333125 0.38940790000000003 0.5593228046875 0.39317210625 0.560923425 0.395145496875 0.5595619296875001 0.39651484843749996 0.5540870453125 0.39496215156250003 0.5519996671875 0.390694328125 0.55199333125
0 0.491583865625 0.6141764296875001 0.4876956609375 0.6157368625 0.486467809375 0.621903778125 0.4876203515625 0.62493220625 0.4905530546875 0.6262337265625 0.49406164375 0.623106521875 0.4949410703125 0.6175540421875 0.491583865625 0.6141764296875001
0 0.49093948281250005 0.5730601562500001 0.4947691109375 0.5726622796874999 0.495551921875 0.56692709375 0.49103229062500003 0.5677178984375 0.4899352875 0.56988781875 0.49093948281250005 0.5730601562500001
0 0.46763686250000003 0.5671931203125 0.46280684531249994 0.569943625 0.46239299687499996 0.5725565578125 0.46246222968749995 0.5760830265625 0.4663230515625 0.5778663546875 0.468889828125 0.575929221875 0.4710838359375 0.57158938125 0.46763686250000003 0.5671931203125
0 0.45512781875 0.5851330703125 0.45622862968750005 0.5884881156249999 0.45711186406250004 0.5884606015625 0.4604066828125 0.5874758046874999 0.460865415625 0.5853721968750001 0.45710805624999995 0.5829356359375 0.45512781875 0.5851330703125
0 0.45421643125 0.5766184734375 0.45576532031249994 0.5731808859374999 0.4551544359375 0.5699034375 0.45107299687499997 0.5710984546875 0.450742071875 0.5755659750000001 0.45421643125 0.5766184734375
0 0.44274350937499996 0.5578934421875 0.441046271875 0.5614749406249999 0.44475874531250004 0.563402178125 0.44553470937500006 0.5585029296874999 0.44274350937499996 0.5578934421875
0 0.4482429203125 0.44944903125 0.447918840625 0.4530806125 0.4501615421875 0.454775059375 0.45430155625 0.452417484375 0.45311097499999997 0.44804379218749996 0.4507130828125 0.44732919375 0.4482429203125 0.44944903125
0 0.5175375859375 0.4281150734375 0.5164580812499999 0.43413808125 0.5207122125 0.435816296875 0.5224923718750001 0.4340893875 0.52276471875 0.43078442499999997 0.5213154828125 0.42804381406249997 0.5175375859375 0.4281150734375
0 0.5389155046874999 0.4413778953125 0.5379843484375 0.44725699375000005 0.540085546875 0.44825940937500003 0.5424454015625 0.44762874531249996 0.5435043671875001 0.444113559375 0.5430349796875 0.44152814218750003 0.5389155046874999 0.4413778953125
0 0.5355050343750001 0.41455515312499996 0.5323585609375 0.415396040625 0.5310234406250001 0.416691221875 0.5298990515625001 0.42220490625 0.5313170953124999 0.4227643109375 0.5357849953125 0.42230012187500005 0.53812735 0.41781637031249996 0.5355050343750001 0.41455515312499996
0 0.49431572187499995 0.6040626015624999 0.495171571875 0.6073788484375 0.49747284843750006 0.6079107390625 0.5000670109375001 0.602629846875 0.4972895015625 0.600348478125 0.494381146875 0.6020641046875 0.49431572187499995 0.6040626015624999
0 0.3693605609375 0.5812583578125 0.3676945140625 0.5870210609375001 0.369743984375 0.5883500953125 0.37383226718749996 0.5863191359375 0.3754328890625 0.58255493125 0.374421846875 0.5802185328125 0.3693605609375 0.5812583578125
0 0.363986615625 0.6025046625 0.363441153125 0.597228715625 0.35955979375 0.597953209375 0.35871459843750003 0.5993259875 0.35795232499999996 0.6025533546874999 0.3584734421875 0.6048121546874999 0.3596016390625 0.6048234390625 0.36249630312500003 0.6047796953125 0.363986615625 0.6025046625
0 0.497071821875 0.43525272187499997 0.49484662031250004 0.437411359375 0.495850815625 0.440583696875 0.4987142890625 0.438358746875 0.497071821875 0.43525272187499997
0 0.4307418546875 0.525859675 0.4276471125 0.5263739468749999 0.4263119921875 0.5276691296875 0.42654326249999996 0.5293798078124999 0.42961061875000006 0.5322092984375 0.4311975484375 0.530116975 0.4314181625 0.5271386265625 0.4307418546875 0.525859675
0 0.41096228437500004 0.527079428125 0.40791927499999997 0.5272670828125 0.40653242343749996 0.5288888828125 0.40641526875 0.5312139953125 0.4095860875 0.533390253125 0.41155947812499993 0.5320287578125 0.4120250578125 0.529089209375 0.41096228437500004 0.527079428125
0 0.4420154328125 0.5030367078125 0.44239505 0.5046034781250001 0.44597286875000003 0.5050027453125 0.4460451390625 0.50216830625 0.4420154328125 0.5030367078125
0 0.4446004453125 0.4629341359375 0.44589068125000003 0.46112962968750004 0.445331525 0.457525565625 0.44090166406250003 0.45933501718749997 0.44088112500000004 0.46184283906249995 0.4446004453125 0.4629341359375
0 0.39853001718750003 0.451786984375 0.39587346874999996 0.4527054671875 0.3949248109375 0.4547314796875 0.39611539218749997 0.4591051734375 0.3978750125 0.459886084375 0.4003900609375 0.45827556875 0.40193895 0.45483797968750006 0.39853001718750003 0.451786984375
0 0.376160125 0.5177169953125 0.3751528921875 0.5209055640625 0.3754222 0.52396150625 0.3793933296875 0.5242556609375 0.38104568125 0.520164840625 0.3803830640625 0.5172140078125 0.376160125 0.5177169953125
0 0.38870113125 0.513844121875 0.38617923906249996 0.5162905765625 0.38812524375 0.5182728437499999 0.38946721093750003 0.5161417203124999 0.38870113125 0.513844121875
0 0.366793746875 0.5292910921875 0.36783901874999997 0.5274477875 0.367383325 0.5231904890625 0.36580324375 0.5244468734375001 0.364447584375 0.528249875 0.366793746875 0.5292910921875
0 0.4081718859375 0.5922602125 0.4068884953125 0.5932287781250001 0.40631945468749997 0.5968215609375 0.40640237968750004 0.5986761484375 0.40796876875 0.5990916453125 0.40924531249999996 0.5989590203125 0.4103179703125 0.593771953125 0.4081718859375 0.5922602125
0 0.404697528125 0.5912077124999999 0.407767921875 0.5876762984375 0.4053007984375 0.5834352296875001 0.401488671875 0.587686190625 0.4024997109375 0.5900225890625 0.404697528125 0.5912077124999999
0 0.45081280625 0.5489597921875 0.4522445421875 0.547847315625 0.45233734999999997 0.5425050578125 0.4490562234375 0.5418179734375 0.44788695 0.54682233125 0.45081280625 0.5489597921875
0 0.4541304359375 0.52722039375 0.45252296718749996 0.5318205390624999 0.45437920312499996 0.5327841578125 0.456197403125 0.5324025140625 0.45655952031249997 0.530116196875 0.455986671875 0.5281840125 0.4541304359375 0.52722039375
0 0.45562224999999995 0.494812709375 0.45811295156250004 0.49018505 0.4560185984375 0.4883466921875 0.45394859062500004 0.48952547968750004 0.45374166718750003 0.4908319453125 0.45562224999999995 0.494812709375
0 0.46397378125 0.4753772484375 0.46654055781250003 0.47344011718749995 0.46715448437499996 0.470356659375 0.4628417765625 0.4698409984375 0.46225904375000004 0.47510566093750006 0.46397378125 0.4753772484375
0 0.462316084375 0.4501713578125 0.46086381093749995 0.45379165468749993 0.46266831562500005 0.4550818890625 0.46458312968750004 0.4548829515625 0.465286825 0.4528181421875 0.46422405156249996 0.450808359375 0.462316084375 0.4501713578125
0 0.41835977968750004 0.42646886874999995 0.41582419374999996 0.4305872046875 0.4177702 0.43256947187500006 0.41935712968749994 0.43047714687500005 0.41835977968750004 0.42646886874999995
0 0.38666989687500003 0.47434964687500003 0.383709809375 0.476391890625 0.38261280625 0.4785618109375 0.3837136171875 0.48191685624999997 0.38591143125 0.48310198125000003 0.3877813609375 0.48239371875000003 0.389033559375 0.47924394843749996 0.38666989687500003 0.47434964687500003
0 0.39019979375 0.480600496875 0.3886957875 0.4845474078125 0.39050029375 0.48583764374999994 0.39345353437499997 0.48463134218750004 0.39019979375 0.480600496875